K = 2
c1: 1.00 0.49 0.96 1.97 0.63 0.09 1.99 0.34 0.23 1.57 2.16 6.01 1.94 0.71 0.07 0.15 1.91 1.98
grupa 1: 295 primjera
c2: 0.88 0.41 0.71 1.46 0.61 0.08 1.44 0.47 0.19 1.41 1.66 3.07 1.58 0.74 0.06 0.11 1.87 1.93
grupa 2: 363 primjera
#iter: 47
log-izglednost: 23177.41
--
K = 3
c1: 1.01 0.50 0.98 1.99 0.63 0.09 2.05 0.33 0.23 1.60 2.21 6.30 2.00 0.71 0.07 0.15 1.90 1.98
grupa 1: 260 primjera
c2: 0.87 0.39 0.63 1.38 0.61 0.10 1.30 0.52 0.18 1.34 1.57 2.50 1.45 0.79 0.07 0.11 1.84 1.89
grupa 2: 91 primjera
c3: 0.89 0.42 0.74 1.52 0.61 0.08 1.50 0.45 0.19 1.42 1.71 3.34 1.61 0.72 0.06 0.11 1.89 1.96
grupa 3: 307 primjera
#iter: 61
log-izglednost: 24414.58
--
K = 4
c1: 0.97 0.45 0.89 1.94 0.64 0.08 1.81 0.36 0.21 1.47 2.02 4.99 1.77 0.68 0.06 0.14 1.93 2.00
grupa 1: 176 primjera
c2: 0.87 0.39 0.62 1.38 0.62 0.10 1.30 0.52 0.18 1.34 1.57 2.49 1.45 0.80 0.07 0.11 1.84 1.89
grupa 2: 83 primjera
c3: 0.88 0.42 0.74 1.48 0.60 0.08 1.47 0.46 0.19 1.42 1.68 3.22 1.62 0.73 0.06 0.11 1.88 1.95
grupa 3: 270 primjera
c4: 1.05 0.54 1.03 1.98 0.61 0.10 2.21 0.30 0.25 1.69 2.33 7.23 2.16 0.73 0.08 0.16 1.87 1.96
grupa 4: 129 primjera
#iter: 46
log-izglednost: 25184.84
--
K = 5
c1: 1.01 0.49 0.98 2.06 0.65 0.09 1.97 0.34 0.23 1.56 2.15 5.84 1.95 0.69 0.06 0.15 1.92 2.00
grupa 1: 130 primjera
c2: 0.88 0.39 0.63 1.52 0.68 0.15 1.29 0.53 0.18 1.35 1.64 2.50 1.46 0.83 0.06 0.13 1.85 1.90
grupa 2: 38 primjera
c3: 0.88 0.42 0.71 1.40 0.59 0.08 1.44 0.47 0.19 1.42 1.64 3.05 1.60 0.74 0.06 0.11 1.87 1.93
grupa 3: 258 primjera
c4: 1.05 0.54 1.02 1.94 0.60 0.10 2.23 0.30 0.25 1.69 2.34 7.34 2.16 0.74 0.07 0.16 1.87 1.95
grupa 4: 102 primjera
c5: 0.91 0.41 0.78 1.73 0.63 0.07 1.59 0.41 0.20 1.39 1.82 3.82 1.58 0.68 0.06 0.13 1.93 2.00
grupa 5: 130 primjera
#iter: 150
log-izglednost: 25634.56
