0.54
0.40
0.03
0.48
0.30
-0.02
0.32
0.15
0.16
0.16
0.16
0.11
0.22
0.08
-0.17
-0.29
0.00
-0.25
0.30
0.00
0.39
0.36
0.03
0.16
-0.21
0.07
0.16
0.09
0.16
-0.08
0.00
0.32
0.13
0.65
0.25
0.16
0.16
0.49
0.35
0.07
0.15
0.06
-0.02
0.06
0.26
-0.55
0.16
0.02
-0.12
0.16
1.84
-0.16
0.00
-0.06
0.16
0.04
0.12
0.19
0.14
-0.02
0.01
0.11
-0.80
-0.03
-0.59
0.43
0.16
-0.04
-0.13
-0.38
0.19
-0.43
0.11
-0.08
0.16
0.16
0.07
0.06
-0.25
-0.03
-0.01
0.08
-0.29
-0.30
-0.32
0.05
-0.37
0.24
0.38
0.19
0.40
-0.27
0.32
0.22
0.16
0.00
0.30
-0.31
0.02
0.45
-0.14
0.15
0.14
-0.51
0.28
-0.06
-0.17
0.58
0.05
0.64
-0.16
-0.06
1.37
0.13
-0.46
0.06
0.09
0.15
0.13
0.19
0.06
-0.20
0.03
0.06
0.24
0.02
-0.06
0.10
-0.21
-0.35
0.18
-0.16
-0.35
0.18
0.07
-0.67
0.02
0.06
-0.11
0.06
-0.21
-0.19
0.02
0.86
-0.08
-0.36
0.15
0.22
0.70
0.06
0.17
3.03
-0.05
-0.03
-0.03
0.06
0.10
0.37
0.06
0.06
0.08
0.13
0.09
0.21
0.35
0.06
1.01
-0.23
0.03
-0.26
1.50
0.07
-0.03
-0.45
0.06
0.12
0.06
0.46
1.34
0.15
-0.01
0.29
0.36
0.36
-0.23
-0.02
-0.23
-0.39
-0.59
0.58
1.84
0.06
-0.01
0.25
0.19
0.01
0.03
-0.20
-0.26
-0.33
-0.43
-0.48
0.21
0.13
-0.44
0.02
-0.11
0.02
0.28
0.13
-0.50
0.03
-0.46
0.18
-0.22
-0.06
0.06
0.06
0.06
0.16
-0.52
0.50
0.06
-0.07
0.06
0.01
1.33
0.17
0.32
0.06
-0.33
0.06
-0.04
0.25
0.22
0.62
0.22
0.02
0.12
0.06
0.09
-0.28
-0.04
0.13
-0.21
0.37
0.17
0.39
0.73
-0.00
-0.13
0.06
0.37
0.11
0.12
-0.04
-0.17
0.06
-0.05
0.26
-0.08
0.07
0.16
-0.44
0.03
0.03
-0.20
-0.27
0.06
0.23
0.09
0.06
-0.11
0.19
0.14
-0.50
-0.12
0.60
0.32
0.00
-0.03
0.04
0.16
0.45
-0.22
-0.40
0.08
0.44
-0.24
0.19
0.15
-0.20
-0.60
0.02
-0.69
0.18
-0.48
0.56
0.25
-0.04
-0.46
0.12
-0.45
-0.47
0.08
0.41
-0.49
-0.00
0.03
0.22
0.02
-0.01
-0.56
0.08
-0.00
0.11
-0.13
0.08
0.99
-0.26
0.08
0.08
0.32
-1.98
-0.01
0.08
0.12
-0.09
-0.15
-0.09
0.08
-0.04
0.08
0.07
0.19
-0.40
-0.22
0.08
-0.45
-1.39
-0.60
0.16
-0.05
-0.65
-0.32
0.27
-0.06
0.00
0.19
0.08
0.08
0.08
0.08
0.21
0.05
0.07
0.54
-1.36
1.08
0.62
0.08
0.12
0.08
0.53
-0.19
0.08
-0.15
-0.04
0.08
0.05
-0.05
0.79
-0.20
0.35
0.02
0.05
0.17
0.17
0.03
0.16
0.26
0.26
0.21
0.01
0.01
0.02
0.01
0.25
0.28
0.08
0.08
-0.26
-0.20
0.47
0.05
0.15
2.29
0.08
-0.06
0.22
0.08
0.23
1.38
0.30
0.25
0.64
0.44
-0.07
0.02
-0.84
-0.06
0.42
0.08
-0.30
-0.21
0.24
0.20
0.07
-0.01
0.37
-0.11
0.20
-0.03
0.65
0.16
0.29
0.74
0.38
-0.10
0.29
0.08
0.08
0.11
-0.20
0.72
0.92
0.03
-0.10
0.10
-0.16
0.57
-0.26
-0.07
0.21
0.11
0.08
0.06
0.03
0.40
0.04
0.08
0.19
-0.05
0.03
-0.21
-0.84
-0.28
-0.59
0.41
0.08
0.28
0.03
-0.92
-0.21
-0.21
-0.22
-0.64
-0.21
-0.67
-0.51
-1.26
-0.48
-0.21
-0.23
-0.42
-0.21
-0.25
-0.49
-0.32
-0.07
-0.43
-0.55
-0.42
-0.19
-0.40
-0.07
-0.36
-0.31
-0.21
-0.48
-0.21
-0.61
-0.46
-0.59
-0.85
-0.21
-0.83
-0.40
-0.48
-0.29
-0.23
-0.17
-0.39
-0.21
-0.57
0.02
-0.98
-0.40
-0.14
0.21
-1.08
-0.23
-0.13
-1.40
-0.51
-0.49
-1.28
-0.78
-0.12
-0.08
-0.21
-0.71
-0.39
-0.19
-0.56
-0.81
-0.71
0.09
-0.21
0.13
-0.39
0.21
-0.38
-0.34
-0.21
-0.21
-0.36
-0.45
-0.13
-0.40
-0.07
-0.13
-0.13
0.10
-0.13
-0.13
-0.03
-0.13
-0.41
-0.13
-0.27
-0.25
-0.57
-0.54
-0.33
-0.13
-0.13
-0.25
-0.13
-0.66
-0.26
-0.15
0.03
-0.13
-0.26
0.33
-0.19
-0.32
-0.13
-0.13
-0.13
-0.08
-0.25
-0.17
-0.25
-0.10
0.20
-0.47
0.26
0.32
0.75
0.34
0.32
0.42
0.16
0.14
0.54
1.95
0.32
0.30
0.23
0.32
0.14
0.56
0.32
0.32
0.41
0.32
0.32
0.27
-0.35
0.32
0.11
0.18
0.39
0.92
1.32
0.37
0.04
0.35
0.39
-0.09
-0.26
0.62
0.08
-0.21
-0.16
0.04
-1.11
-0.51
-0.16
-0.30
-0.60
-1.58
-0.87
-0.60
-0.34
-0.27
-0.16
-0.34
-0.30
-0.37
0.03
0.23
0.37
-0.32
-0.38
-0.38
-0.16
-0.32
-0.24
-0.25
-0.17
-0.29
-0.16
-0.48
-0.38
-0.16
-0.66
-0.18
-0.16
-0.16
-0.16
0.23
-0.23
-0.16
-0.22
-0.62
-0.26
-0.16
-0.16
-0.16
-0.39
-0.16
-0.32
-0.75
-0.05
-0.16
-0.10
-0.22
-0.32
-0.16
-0.16
-0.16
-1.60
-0.16
-0.21
-0.16
-0.17
-0.16
-0.26
0.25
-0.43
0.05
-0.16
-0.16
-0.16
-0.16
-0.16
-0.41
-0.16
-0.52
-0.16
-0.16
-0.16
-0.16
-0.24
-0.22
-0.16
-0.16
-0.64
-0.64
-0.58
-0.51
-0.64
-0.39
-0.57
-0.17
-0.08
-0.22
-0.33
-0.13
0.35
-0.02
-1.42
-0.25
-1.81
-0.19
-0.36
-0.33
-0.13
-0.06
-0.13
-0.42
-0.13
-0.13
-0.13
-0.23
0.22
-0.22
-0.05
-0.09
-0.16
-0.31
-0.39
-0.14
-0.14
0.31
-0.47
-0.56
-0.08
-0.23
-0.39
-0.28
-0.18
-0.40
-0.13
-0.06
0.07
0.02
0.12
-0.28
-0.13
-0.13
-0.22
-0.22
0.18
-1.34
-0.16
-0.13
0.01
-0.40
-0.26
-0.15
-0.08
-0.05
-0.19
-0.25
-0.40
-0.07
0.41
-0.07
-0.25
-0.13
0.27
-0.13
0.07
-0.20
-0.13
-0.13
-0.33
-0.13
-0.13
-0.27
0.10
-0.05
-0.17
-0.18
0.10
0.22
-0.76
0.06
0.17
0.17
-0.08
0.11
-0.07
0.11
0.35
0.11
0.06
0.11
-0.25
0.49
0.25
-0.07
-0.19
-0.04
0.11
0.04
-0.06
-0.00
0.06
0.03
1.30
0.23
0.06
-0.20
-0.00
0.61
0.02
-0.73
0.06
0.06
-0.20
0.22
-0.16
0.11
0.37
0.98
-0.37
-0.10
0.06
-0.22
0.59
-0.28
-0.14
-0.10
0.14
0.06
0.93
0.37
0.06
0.06
-0.00
0.39
0.27
1.07
-0.37
-0.12
-0.01
-0.17
-0.14
-0.29
-0.60
-0.04
0.03
0.12
-0.65
-0.22
0.06
0.11
0.27
-0.22
0.06
0.41
0.23
-0.34
-0.06
0.65
-0.30
-0.47
-0.34
0.29
0.00
0.05
0.06
0.08
0.06
0.05
0.24
0.06
0.73
0.06
0.63
0.06
0.07
0.09
-0.11
0.10
0.18
0.30
0.06
0.09
0.42
0.06
0.06
0.59
0.35
-0.56
0.14
0.08
0.19
0.29
0.18
0.03
0.31
-0.04
0.16
0.14
0.11
-0.34
0.04
0.21
0.19
0.37
-0.00
-0.34
0.16
-0.26
0.06
-0.27
0.11
0.17
0.09
0.08
0.02
0.06
0.01
0.04
0.08
0.16
0.28
0.07
-0.46
0.01
-0.39
0.06
-0.17
-0.21
0.52
-0.30
0.20
0.33
-0.05
0.06
-0.09
0.02
-0.54
0.06
0.18
-0.37
0.01
0.07
-0.27
-0.08
-0.08
0.42
0.07
0.23
0.15
0.07
0.23
0.11
-0.26
0.11
0.15
0.21
0.21
0.21
-0.09
0.20
0.47
0.37
0.05
1.28
0.05
0.47
0.14
0.24
0.22
0.18
0.15
0.13
0.51
0.11
0.19
0.23
0.46
0.07
0.80
0.52
0.86
0.11
-0.00
0.11
0.02
0.04
-0.21
-0.13
-0.07
-0.26
-0.01
-0.33
-0.14
-1.23
-1.46
-1.09
-0.36
-0.09
0.13
-0.14
-0.05
-0.21
-0.28
-0.12
-0.53
-0.08
-0.14
-0.43
-0.12
-0.38
-0.09
-0.71
-0.10
-0.36
-0.13
-0.07
-0.21
-0.39
-0.07
-0.16
0.02
-0.07
-0.26
0.04
-0.01
-0.15
-0.13
0.03
-0.25
-0.07
0.26
-0.17
-0.48
-0.15
-0.31
-0.14
0.07
-0.03
-0.13
-0.18
-0.35
-0.39
-0.23
-0.64
-0.11
0.19
-0.07
-0.21
-0.07
-0.11
-0.34
-0.07
-0.07
0.05
-0.12
0.01
-0.27
-0.33
-0.15
0.33
-0.14
-0.07
0.04
-0.13
-0.08
-0.16
-0.07
-0.07
-0.01
0.00
-0.85
-0.07
-0.55
-0.14
-0.09
-0.07
-0.12
-0.12
-0.21
-0.07
-0.07
-0.21
-0.43
-0.07
-0.83
-0.02
-0.80
0.47
-0.07
-0.35
0.75
-0.16
-0.07
-0.14
-0.18
-0.07
-0.14
-0.07
-0.16
-0.07
-0.00
-0.18
-0.21
-0.61
-0.07
-0.07
-0.12
-0.23
-0.10
-0.21
-0.07
0.05
-0.07
-0.36
-0.07
-0.07
-0.07
-0.07
-0.43
-0.12
-0.07
-0.07
-0.39
-0.07
-0.12
-0.07
-0.07
-0.07
-0.07
-0.19
-0.17
-0.07
-0.17
-0.07
0.24
0.00
-0.07
-0.10
-0.35
-0.17
-0.28
-0.23
-0.38
-0.38
-0.28
-0.43
-0.34
-0.11
-0.02
-0.11
0.02
-0.18
-0.11
-0.28
-0.12
-0.09
-0.17
-0.36
-0.14
-0.03
-0.43
-0.03
-0.11
-0.11
-0.24
-0.43
-0.13
-0.20
-0.11
-0.11
0.13
-0.57
-0.24
-0.13
-0.13
-0.17
-0.08
-0.11
-0.58
-0.11
-0.64
-0.75
0.39
-0.10
-0.38
-0.62
-0.25
-0.54
-0.50
-0.14
-0.58
-0.23
-0.13
-0.40
-0.13
-0.13
-0.76
0.30
-0.38
-0.13
-0.13
0.27
-0.04
-0.61
-0.14
0.04
0.18
-0.01
-0.13
-0.29
-0.14
0.02
-0.22
-0.13
-0.39
-0.13
-0.10
-0.12
-0.19
-0.13
-0.54
-0.13
-0.13
-0.06
-0.22
-0.13
-0.29
0.11
-0.10
0.21
-0.64
-0.54
-0.21
-0.28
-0.13
-0.36
-0.21
-0.49
-0.46
-0.43
-0.66
-0.27
0.79
-0.21
-0.07
-0.21
0.38
0.00
0.09
0.29
0.28
0.27
0.08
0.43
0.83
0.29
-0.16
0.66
-0.08
-0.40
0.01
0.11
0.16
0.10
0.22
0.21
0.59
-0.09
0.35
0.35
0.53
2.41
-0.19
0.12
0.15
0.06
0.50
0.02
0.00
3.27
0.51
0.27
-0.50
-0.27
-0.13
-0.03
0.06
0.25
-0.08
-0.03
0.05
0.07
-0.55
0.11
0.41
0.17
0.23
0.06
0.06
0.06
0.60
0.20
0.58
0.06
0.03
0.25
0.25
0.12
0.41
1.27
0.17
0.05
0.14
-0.05
0.11
-0.37
0.66
0.06
0.06
0.12
0.33
0.08
0.06
0.11
0.18
-0.34
0.06
0.06
-0.08
0.07
0.02
0.11
1.58
0.06
0.18
0.06
0.24
-0.09
0.06
0.00
0.10
0.25
-0.47
0.06
0.02
0.21
0.43
0.05
0.06
-0.12
-0.25
-0.02
0.02
0.06
-0.65
0.30
0.06
0.32
0.16
0.20
-0.06
0.24
-0.19
0.00
0.17
0.06
-0.13
0.26
0.10
-0.13
0.39
1.06
-0.15
0.21
0.42
0.16
0.16
0.41
0.16
0.16
0.16
0.23
0.36
0.16
0.19
-0.31
0.16
0.54
0.09
0.50
-0.02
0.27
0.36
-0.11
0.37
-0.25
0.09
0.08
0.32
0.16
0.16
-0.03
0.16
0.17
0.78
1.14
-0.32
-0.32
-0.48
-0.53
-0.16
-0.22
0.12
-0.41
-0.21
-0.13
-0.10
-0.48
-0.11
0.08
-0.16
-0.32
-0.21
-1.00
-0.20
-0.37
-0.20
-0.15
-0.41
-0.02
-0.18
-0.16
-0.16
-0.57
-0.28
-0.06
0.46
0.32
0.38
0.07
0.51
0.10
-0.21
0.16
-0.21
0.27
0.66
0.39
0.13
0.57
0.16
0.67
0.22
0.39
0.06
0.16
0.22
0.23
0.18
-0.10
0.41
0.16
0.42
0.16
0.21
0.14
-0.06
0.21
0.69
0.64
0.41
0.11
-0.07
-0.00
-0.11
0.11
0.05
0.12
-0.08
-0.22
-0.02
-0.01
0.22
0.01
0.18
0.16
0.80
0.01
0.16
0.16
-0.76
-0.06
-0.44
0.12
0.18
-0.31
-0.03
-0.27
-0.03
-0.00
0.64
0.32
-0.13
0.31
0.21
0.16
0.13
0.16
0.66
0.49
-0.04
0.34
0.16
0.08
0.08
0.08
0.23
0.29
0.42
0.44
-0.04
-0.12
-0.04
0.08
0.64
0.12
0.23
0.16
0.00
0.04
-0.26
0.09
-0.74
-0.19
-0.11
-0.40
-0.05
-0.31
-0.57
-0.28
-0.14
-0.18
-0.11
-0.61
-0.21
-0.11
-0.29
-0.17
-0.12
-0.14
-0.05
-0.05
-0.62
-0.18
-0.07
-0.11
-0.07
-0.05
-0.46
-0.05
0.58
-0.11
-0.19
-0.05
-0.16
-0.54
-0.11
0.09
-0.15
-0.07
-0.07
-0.02
-0.32
-0.15
-0.21
-0.01
-0.37
-0.20
-0.05
-0.10
-0.22
-0.13
-0.05
-0.05
-0.05
-0.50
-0.05
-0.05
-0.05
-0.07
-0.11
-0.56
-1.01
-0.63
-0.11
-0.84
-0.59
-0.11
0.54
-0.21
-0.32
-0.59
-0.18
-0.20
-0.09
-0.34
-0.19
-0.34
-0.05
-0.05
-0.58
-0.05
-0.04
-0.05
-0.05
-0.14
-0.45
-0.40
-0.05
-0.14
-0.05
0.00
-0.05
-1.54
-0.63
-0.05
-0.07
-0.05
0.03
-0.05
-0.05
-0.10
-0.10
-0.04
-0.01
-0.17
-0.24
-0.25
-0.08
-0.62
-0.05
-0.15
-0.31
-0.05
-0.10
-0.05
-0.50
-0.05
-0.05
-0.05
-0.08
-0.15
0.05
-0.08
-0.09
-0.02
-0.14
-0.05
-0.21
-0.15
-0.25
0.18
-0.19
-0.15
-0.48
-0.10
-0.05
-0.05
-0.15
-0.12
-0.18
-0.05
-0.19
-0.48
-0.05
-0.05
0.00
0.26
0.21
-0.05
-0.32
-0.10
-0.05
-0.06
-0.05
-0.05
-0.05
-0.05
-0.05
-0.05
-0.05
-0.05
-0.72
-0.35
-0.15
-0.58
-0.14
0.21
-0.16
-0.07
-0.10
0.14
-0.05
-0.10
-0.05
-0.05
-0.45
-0.29
-0.05
-0.32
-0.08
-0.28
-0.05
-0.46
-0.27
-0.05
0.12
0.05
-0.12
-0.23
1.11
-0.03
-0.05
-0.05
-0.32
-0.09
-0.25
-0.05
-0.09
0.05
-0.23
-0.09
0.11
-0.21
-0.05
-0.05
-0.41
-0.05
0.20
0.07
-0.05
-0.05
0.01
-0.07
-0.07
0.01
0.04
-0.05
-0.10
-0.05
0.18
-0.04
-0.08
-0.12
-0.32
-0.25
-0.18
-0.05
-0.38
-0.32
-0.05
-0.74
0.02
-0.15
-0.14
-0.13
-0.15
0.01
0.46
-0.14
-0.41
-0.07
-0.05
-0.05
0.42
0.03
-0.40
-0.05
0.33
-0.58
-0.17
-0.11
0.17
-0.46
-0.12
-0.64
-0.38
-0.58
-0.47
-0.19
-0.13
-0.13
-0.51
-0.31
-0.19
-0.06
-0.25
-0.11
-0.06
-0.28
-0.13
-0.08
0.06
-0.06
-0.03
-0.09
-0.06
-0.06
-0.18
-0.16
-0.06
-0.23
-0.13
-0.13
-0.09
-0.48
-0.18
-0.18
-0.16
-0.06
-0.48
0.16
-0.02
0.03
-0.06
0.17
-0.06
0.07
-0.42
-0.11
-0.15
-0.06
0.08
-0.14
-0.11
-0.07
-0.13
-0.19
-0.23
-0.13
-0.12
-0.13
-0.13
-0.06
-0.06
-0.18
-0.12
-0.06
-0.06
-0.17
-0.13
-0.08
-0.06
-0.06
-0.19
-0.06
-0.06
-0.06
-0.61
0.14
0.02
-0.20
-0.10
-0.06
-0.06
0.14
-0.08
-0.01
-0.15
-0.06
-0.06
-0.06
-0.07
-0.06
-0.06
-0.06
-0.08
-0.06
-0.21
-0.11
-0.16
-0.12
-0.06
-0.06
0.02
-0.06
-0.27
-0.11
-0.11
-0.36
-0.32
-0.13
-0.11
-0.11
-0.14
-0.11
-0.11
-0.11
-0.11
-0.11
-0.21
-0.29
-0.32
-0.11
-0.11
-0.29
-0.11
-0.11
-0.19
-0.24
-0.11
0.14
-0.50
-0.11
-0.23
-0.09
1.09
-0.11
0.15
-0.11
-0.11
-0.28
-0.11
-0.11
-0.36
-0.40
-0.54
-0.39
-0.34
-0.21
-0.11
-0.57
-0.09
-0.45
-0.18
-0.82
-0.09
-0.36
-0.33
-0.09
-0.20
0.25
-0.09
-0.09
-0.09
-0.37
-0.02
-0.11
-0.22
0.00
-0.27
-0.18
-0.04
-0.09
-0.02
-0.93
-0.09
-0.33
-0.09
-0.12
0.02
-0.31
-0.35
-0.09
-0.27
0.07
-0.40
0.03
0.03
-0.04
-0.03
0.43
0.00
0.05
0.14
0.07
-0.12
0.34
0.07
-0.08
0.07
0.14
0.39
0.07
0.02
0.13
0.07
0.79
-0.15
0.05
1.79
0.72
1.35
0.67
0.53
0.74
-0.02
0.34
0.10
-0.07
-0.06
0.28
0.40
0.07
0.03
0.68
0.20
0.07
0.39
0.43
-0.32
0.04
0.05
-0.09
0.09
0.08
0.21
-0.67
-0.05
0.07
-0.18
0.12
0.20
0.07
0.07
-0.20
0.07
-0.05
-0.09
0.03
-0.05
0.18
0.07
0.17
0.17
0.48
0.64
0.24
0.20
0.10
0.20
0.01
0.33
0.02
0.19
0.16
0.16
0.16
0.35
0.16
0.22
0.37
0.19
-0.04
0.32
-0.09
0.16
0.03
-0.09
0.03
0.06
0.16
0.34
0.25
0.09
0.10
0.40
0.23
0.32
0.32
0.13
-0.31
0.42
0.21
0.21
-0.03
0.11
0.32
0.42
0.42
-0.13
0.20
0.01
0.24
0.11
0.11
0.19
0.53
0.11
0.11
0.01
0.11
0.11
0.15
0.14
0.11
0.04
0.06
0.16
-0.38
0.32
-0.45
0.06
-0.04
-0.10
0.26
0.33
0.01
-0.46
0.01
0.11
0.14
0.06
0.30
0.07
0.38
0.25
0.51
0.48
0.10
0.02
0.43
0.13
0.25
0.16
0.18
0.13
0.13
0.13
0.21
0.05
0.13
0.13
0.13
0.13
0.51
0.94
0.39
0.13
-0.03
0.25
0.13
0.50
0.22
0.13
0.01
0.36
0.12
0.23
0.24
-0.13
-0.26
0.13
0.13
0.13
0.08
0.13
0.03
0.13
0.17
0.14
0.89
0.37
1.04
0.02
0.01
0.68
0.08
0.08
0.13
0.13
-0.41
0.09
0.13
-0.03
0.14
0.13
0.41
0.17
0.25
0.02
0.13
0.13
0.05
0.13
0.21
0.13
-0.08
0.03
-0.48
-0.08
-0.21
-0.08
-0.08
-0.08
-0.15
-0.08
-0.24
0.42
0.31
-0.24
-0.08
-0.08
-0.08
-0.08
0.01
-0.51
-0.08
-0.22
-0.08
-0.32
-0.36
-0.28
-0.08
-0.22
-0.08
-0.35
-0.15
-0.43
-0.16
-0.08
-0.27
-0.07
-0.11
-0.08
-0.33
-0.75
-0.10
-0.21
-0.11
-1.05
-0.10
0.17
-0.17
-0.14
-0.92
-0.64
-0.84
-0.32
-0.77
-0.37
-0.11
-0.21
-0.21
-0.55
-0.14
-0.25
-0.07
-0.11
-0.47
-0.14
-0.14
-0.26
-0.21
-0.70
-0.11
0.02
0.24
0.15
-0.11
-0.12
-0.21
-0.28
-0.11
-0.26
-0.03
-0.30
-0.11
-0.18
-0.11
-0.14
0.12
-0.54
-0.14
-0.33
-0.11
-0.36
-0.11
-0.72
-0.41
-0.11
-0.22
-0.20
-0.59
-0.11
-0.11
-0.31
-0.12
-0.19
-0.32
-0.20
0.02
0.19
-0.11
-0.11
-0.62
-0.11
-0.11
-0.11
-0.11
0.77
0.23
-0.18
-0.58
-0.20
-0.38
-0.51
-0.30
-0.15
-0.13
-0.27
-0.91
-0.13
-0.13
-0.06
-0.13
-0.52
-0.13
-0.13
-0.19
-0.18
-0.06
-0.13
-0.18
-0.09
-0.13
-0.12
-0.13
-0.11
-0.06
-0.06
-0.11
-0.15
-0.06
-0.29
-0.17
-0.06
-0.06
-0.06
-0.19
-0.16
-0.06
-0.06
-0.06
-0.04
0.09
0.36
-0.13
-0.06
-0.20
-0.14
-0.09
-0.21
-0.06
-0.09
-0.11
-0.08
-0.14
-0.28
-0.06
-0.26
-0.33
-0.13
-0.22
-0.01
-0.18
-0.13
-0.06
-0.06
-0.06
-0.06
-0.05
-0.33
-0.09
-0.13
-0.06
-0.15
-0.46
-0.87
-0.45
-0.26
-0.06
-0.14
-0.06
0.33
-0.06
-0.13
-0.16
-0.06
-0.07
-0.14
0.05
-0.12
0.77
-0.49
-0.09
-0.10
-0.13
0.08
-0.08
-0.34
-0.18
-0.18
-0.16
-0.09
-0.09
-0.44
-0.42
-0.14
-0.46
-0.11
-0.09
-0.09
-0.09
-0.09
-0.11
0.03
0.23
-0.24
-0.09
-0.09
-0.27
-0.08
-0.08
-0.20
-0.46
-0.11
-0.12
-0.08
-0.12
-0.08
-0.04
-0.04
-0.24
-0.18
-0.02
-0.46
-0.15
-0.49
0.17
-0.04
0.02
0.01
-0.10
-0.04
-0.07
-0.18
-0.04
0.01
-0.20
0.27
-0.28
-0.04
-0.04
-0.07
-0.08
-0.18
-0.14
-0.14
-0.14
-0.13
-0.22
-0.06
-0.17
0.02
-0.04
-0.04
-0.04
-0.11
-0.04
0.15
0.06
-0.03
-0.04
-0.13
-0.11
-0.04
-0.04
0.12
-0.04
-0.52
-0.06
-0.11
-0.23
-0.23
-0.17
-0.12
-0.21
0.18
0.10
-0.08
-0.12
-0.60
-0.06
-0.06
-0.12
-0.07
-0.12
-0.85
-0.06
-0.06
-0.06
-0.02
-0.32
-0.20
-0.02
-0.06
-0.06
-0.06
0.04
-0.25
-0.33
-0.06
-0.06
-0.06
-0.12
-0.12
-0.12
-0.06
-0.06
0.08
-0.05
-0.06
-0.06
-0.06
0.08
-0.07
-0.06
-0.06
-0.06
0.50
-0.12
-0.06
-0.12
0.03
-0.65
-0.06
-0.20
0.12
-0.12
-0.07
-0.06
-0.06
-0.14
-0.06
-0.10
-0.06
-0.06
-0.33
-0.08
-0.37
-0.06
-0.06
-0.06
-0.06
0.28
-0.32
-0.46
0.00
-0.06
-0.06
-0.06
-0.06
-0.34
-0.08
-0.06
-0.16
-0.12
-0.06
-0.06
-0.06
-0.06
-0.18
-0.06
-0.06
-0.06
-0.27
0.09
0.15
0.19
0.38
-0.03
0.05
0.05
0.27
0.02
-0.05
0.01
0.42
0.05
0.05
0.22
0.05
0.11
-0.09
0.05
0.10
0.62
0.05
-0.27
0.03
0.16
0.19
-0.05
0.05
0.05
0.05
0.24
0.05
0.10
0.33
0.69
-0.42
-0.03
-0.03
0.12
0.07
0.53
-0.04
0.05
0.05
0.05
0.05
0.29
0.10
0.02
-0.36
0.05
0.11
1.08
0.64
0.08
0.40
0.09
0.11
0.04
0.04
0.06
0.33
0.06
0.06
0.05
0.22
-0.16
0.06
0.14
0.23
0.06
0.06
-0.01
0.06
0.01
0.02
-0.28
-0.06
0.06
0.14
-0.18
-0.20
0.11
0.33
-0.03
0.06
0.06
0.11
0.30
0.17
0.17
0.49
0.06
0.06
0.07
0.13
-0.24
-0.17
0.12
0.02
0.17
0.17
0.02
-0.12
0.83
0.06
0.16
0.26
0.27
0.16
0.06
0.06
0.06
0.19
0.04
0.06
0.06
0.03
-0.66
-0.30
-0.12
-0.11
0.20
-0.17
-0.06
-0.06
-0.38
-0.19
-0.34
-0.08
-0.25
-0.45
-0.10
-0.05
-0.06
0.08
-0.06
0.11
0.32
-0.06
-0.19
-0.15
-0.11
-0.06
-0.05
-0.06
-0.24
-0.24
-0.24
0.08
-0.06
0.44
0.17
0.19
-0.06
-0.20
-0.06
-0.08
-0.27
-0.14
-0.15
-0.06
0.13
-0.06
-0.06
-0.06
-0.11
-0.06
-0.12
-0.16
-0.06
-0.64
-0.33
-0.29
-0.41
-0.85
-0.32
-0.41
-0.35
-0.32
-0.30
-0.32
-0.14
-0.32
0.06
-0.32
0.63
-0.32
-0.70
-0.57
-0.21
-0.31
-0.36
0.48
0.09
0.18
0.11
0.18
0.31
0.09
0.18
0.11
-0.07
0.09
-0.08
0.09
0.16
0.09
0.09
0.36
0.80
0.19
0.26
-0.20
0.09
0.14
0.22
0.09
0.09
0.09
0.12
0.09
0.09
0.06
0.04
0.09
-0.20
0.09
0.16
0.11
0.50
-0.30
0.82
0.23
0.11
0.20
-0.10
0.05
0.05
0.36
-0.07
0.10
0.12
0.44
0.11
0.35
0.21
0.31
0.05
0.21
-0.14
-0.13
0.24
0.09
0.11
0.86
0.28
0.05
-0.18
0.05
0.06
-0.08
-0.30
0.11
0.05
-0.02
0.05
0.05
0.05
0.04
-0.15
0.46
0.05
0.08
0.05
0.05
0.05
-0.17
0.05
0.05
-0.05
-0.15
0.02
0.05
0.05
0.10
-0.14
0.05
0.05
-0.46
0.05
0.33
0.11
0.03
0.05
0.18
0.37
0.16
0.54
0.09
0.11
-0.06
0.11
-0.09
0.05
0.05
-0.39
-0.17
0.36
-0.15
0.28
0.05
0.10
0.05
0.20
0.05
0.00
-0.05
0.08
-0.11
0.27
0.21
0.02
-0.25
0.10
-0.05
0.03
0.20
0.06
0.11
0.16
0.11
0.05
-0.11
0.05
-0.32
0.40
0.20
-0.00
0.05
0.05
-0.02
0.05
0.03
0.05
0.11
0.02
-0.09
0.27
0.08
-0.06
0.05
0.05
0.24
0.05
0.05
0.05
0.05
0.09
0.05
0.05
0.12
0.05
0.13
0.02
-0.20
-0.15
-0.06
0.18
0.05
0.05
0.05
0.05
0.05
0.05
0.05
0.11
0.05
0.49
0.05
0.05
-0.03
0.10
0.10
0.05
0.11
-0.02
-0.06
0.24
0.15
0.15
0.14
0.42
0.24
-0.19
-0.05
0.15
-0.00
0.18
0.21
0.34
0.05
0.20
0.09
0.75
0.20
0.42
0.05
-0.02
0.36
-0.01
0.15
0.05
-0.15
-0.14
0.05
0.61
0.13
0.13
0.25
0.25
-0.03
0.13
0.13
0.13
0.04
0.07
0.03
0.03
0.25
0.29
0.13
0.50
0.13
0.17
-0.11
0.34
0.02
0.13
-0.60
0.03
0.13
0.13
0.18
0.06
0.04
0.23
0.13
0.21
0.13
0.03
0.08
0.13
0.13
0.13
0.03
-0.04
-0.18
-0.17
-0.01
0.04
0.15
0.15
0.45
0.31
-0.25
-0.20
0.03
0.15
0.11
-0.08
0.15
-0.01
0.15
0.15
0.19
0.15
0.15
0.15
-0.05
0.15
0.15
0.15
0.19
0.01
0.15
0.15
0.04
0.12
0.31
-0.02
0.15
0.21
0.53
0.10
0.12
0.39
0.15
0.15
0.15
0.15
0.18
0.15
0.15
-0.17
-0.01
0.15
0.05
0.04
0.31
-0.19
0.15
0.03
-0.09
-0.22
0.15
0.44
0.21
0.13
0.04
0.03
0.07
0.13
0.23
0.13
0.15
0.28
0.13
0.25
0.13
0.13
0.13
0.13
-0.07
0.08
0.08
0.13
0.13
0.09
0.87
-0.47
0.09
-0.15
0.38
0.13
0.25
0.21
1.12
0.17
0.13
0.13
0.13
0.25
0.34
0.19
0.22
0.36
0.13
0.13
0.08
0.16
0.18
0.18
0.13
0.13
0.45
0.13
0.22
0.34
0.20
0.35
-0.07
0.13
0.63
-0.12
0.18
0.13
0.37
0.39
0.13
0.32
0.08
0.13
0.26
0.13
0.03
0.13
0.08
-0.06
-0.37
0.49
0.10
-0.13
0.05
0.10
0.08
-0.08
0.05
0.16
-0.18
0.05
0.05
-0.12
0.05
0.05
0.86
0.08
0.04
0.05
0.05
0.05
-0.26
0.27
0.05
-0.03
0.19
0.14
-0.14
0.05
0.05
0.09
0.13
-0.05
-0.02
0.02
0.05
0.05
0.05
0.11
0.34
0.16
0.11
0.35
-0.31
0.11
0.11
0.42
0.11
0.11
-0.19
0.11
0.38
0.07
0.11
0.15
0.26
0.11
0.20
0.20
-0.02
-0.05
0.00
-0.04
0.11
0.11
0.05
0.14
0.11
0.11
0.11
0.11
0.42
0.25
0.42
0.40
0.21
0.29
0.21
0.42
0.21
0.21
0.21
0.21
0.21
0.23
-0.51
0.24
0.43
0.37
0.21
0.21
0.23
0.03
-0.03
0.24
0.03
0.08
0.16
0.04
-0.17
-0.01
0.08
0.08
0.08
0.24
0.32
-0.20
-0.25
0.03
0.14
0.08
-0.02
-0.05
0.08
0.08
0.08
0.16
-0.07
0.00
0.08
0.08
0.24
0.11
-0.01
-0.01
0.08
0.08
0.15
0.07
0.08
0.14
0.08
-0.08
0.08
-0.12
0.07
0.04
0.19
0.07
0.07
0.08
-0.08
-0.04
0.53
0.94
0.11
0.14
0.04
-0.31
-0.01
0.04
0.01
0.04
-0.33
0.11
0.04
-0.08
0.07
-0.03
-0.00
0.16
-0.41
0.02
0.04
0.48
0.60
1.37
-0.08
0.04
0.59
0.04
0.04
-0.21
0.66
-0.19
0.13
0.19
0.13
0.13
-0.10
0.17
0.15
0.13
0.32
0.11
0.31
0.57
-0.28
0.13
0.08
0.04
-0.23
-0.09
0.13
0.06
0.07
0.13
-0.48
-0.03
-0.18
-1.22
-0.60
-0.09
-0.36
-0.29
-0.06
-0.41
-0.18
-0.06
-0.06
-0.09
-0.38
-0.06
-0.12
-0.09
-0.09
-0.06
-0.20
-0.18
-0.37
-0.30
-0.10
-0.17
-0.08
-0.17
-0.09
-0.03
-0.18
-0.06
-0.11
-0.20
0.03
-0.24
-0.12
-0.03
-0.57
-0.03
-0.13
-0.07
-0.06
-0.03
-0.24
0.10
0.25
-0.09
-0.03
-0.03
-0.01
-0.03
-0.03
-0.22
-0.06
-0.06
-0.10
-0.03
-0.03
-0.03
-0.11
-0.03
-0.03
-0.21
-0.03
-0.03
-0.03
-0.03
-0.06
-0.11
-0.11
-0.03
-0.15
-0.21
-0.07
-0.09
-0.03
-0.03
-0.03
0.02
-0.62
-0.03
-0.03
-0.03
-0.06
-0.06
0.05
-0.03
-0.03
-0.07
-0.03
-0.06
-0.03
-0.11
-0.03
-0.03
-0.51
-0.03
-0.03
-0.03
-0.03
-0.03
-0.03
-0.03
-0.19
0.01
-0.03
-0.13
-0.03
-0.03
-0.15
-0.04
-0.03
-0.03
-0.18
-0.17
-0.03
-0.11
-0.03
-0.03
-0.03
0.20
-0.09
-0.09
-0.06
-0.09
-0.03
-0.14
-0.06
-0.09
-0.03
-0.18
-0.23
-0.12
-0.11
-0.13
-0.12
-0.03
-0.06
0.02
-0.03
-0.03
-0.58
-0.03
0.14
-0.03
-0.34
-0.03
0.07
-0.04
-0.06
-0.09
-0.03
-0.24
-0.03
-0.08
-0.03
-0.03
-0.03
-0.12
-0.13
-0.03
-0.29
-0.03
-0.08
-0.03
-0.21
-0.03
-0.03
-0.16
-0.03
0.10
-0.08
-0.11
-0.03
-0.03
-1.31
-0.03
-0.13
-0.07
-0.10
-0.15
-0.06
-0.16
-0.32
-0.03
-0.05
-0.03
-0.03
-0.03
-0.03
-0.03
-0.05
-0.03
-0.16
-0.03
-0.03
-0.05
-0.03
-0.03
-0.15
-0.03
-0.03
-0.03
-0.03
-0.13
-0.36
-0.22
0.08
-0.03
-0.07
-0.14
-0.34
0.03
-0.03
-0.03
-0.03
-0.03
-0.03
-0.06
-0.21
-0.75
-0.20
-0.03
-0.03
0.01
-0.13
-0.07
-0.16
-0.12
-0.32
-0.29
-0.15
-0.08
-0.04
-0.14
-0.22
0.08
-0.12
-0.26
-0.04
-0.36
0.04
-0.18
-0.04
-0.43
-0.04
-0.04
-0.04
-0.08
-0.00
-0.04
-0.04
-0.08
-0.11
-0.09
-0.17
-0.04
-0.04
-0.10
-0.01
-0.04
-0.04
-0.04
-0.04
-0.04
-0.24
-0.12
-0.62
0.00
-0.35
-0.25
-0.08
-0.11
-0.24
-0.04
-0.06
-0.17
0.09
-0.22
-0.05
-0.32
-0.25
-0.10
-0.16
-0.11
-0.04
-0.41
0.00
-0.04
-0.16
-0.14
-0.16
-0.15
-0.04
-0.12
-0.04
-0.04
-0.16
-0.27
-0.48
-0.31
-0.06
-0.56
-0.09
0.39
-0.04
-0.13
-0.25
-0.04
-0.04
-0.04
-0.04
-0.27
-0.04
-0.04
-0.04
0.01
-0.04
-0.04
-0.04
-0.04
-0.04
-0.08
-0.04
-0.08
-0.35
-0.10
-0.10
-0.17
-0.04
-0.22
-0.11
-0.13
-0.04
-0.04
-0.09
-0.04
-0.16
-0.07
-0.22
-0.04
-0.04
-0.29
-0.07
-0.04
-0.12
-0.23
-0.04
-0.04
-0.04
-0.04
-0.07
-0.16
-0.04
-0.08
-0.19
-0.04
-0.04
-0.04
-0.04
-0.04
-0.04
-0.04
-0.04
-0.11
-0.04
-0.13
0.00
-0.04
0.14
-0.21
-0.04
-0.04
-0.04
0.02
-0.04
-0.07
-0.07
-0.13
-0.04
0.11
-0.29
-0.04
-0.04
0.01
-0.04
-0.04
-0.20
-0.04
-0.23
-0.04
-0.07
-0.04
-0.25
-0.25
-0.64
-0.25
-0.13
-0.13
-0.13
-0.16
-0.24
-0.13
-0.13
-0.13
-0.13
-0.13
-0.13
-0.13
-0.59
-0.19
-0.13
-0.13
-0.13
-0.14
-0.13
-0.13
-0.13
-0.14
-0.14
-0.13
-0.13
-0.13
-0.13
-0.13
-0.13
-0.13
-0.53
-0.25
-0.13
-0.13
-0.13
-0.13
-0.30
-0.13
-0.25
-0.25
-0.13
-0.13
-0.13
-0.19
-0.14
-0.18
-0.14
-0.12
-0.13
-0.13
-0.13
-0.13
-0.13
-0.13
-0.13
-0.29
-0.13
-0.18
-0.13
-0.13
-0.13
-0.13
-0.13
-0.13
-0.72
-0.13
-0.13
-0.54
-0.36
-0.66
-0.09
-0.09
-0.43
-0.13
-0.27
-0.40
-0.45
-0.37
-0.26
-0.19
0.28
-0.09
-0.17
-0.18
-0.16
0.03
-0.19
-0.09
-0.97
-0.09
-0.09
-0.09
-0.04
-0.09
-0.41
0.49
-0.09
-0.11
-0.26
-0.14
-0.10
-0.09
-0.37
-0.11
-0.09
-0.44
-0.09
-0.09
-0.10
-0.09
-0.16
-0.09
-0.54
-0.39
-0.09
-0.39
0.12
0.04
0.04
-0.61
-0.94
-0.16
-0.09
0.04
0.04
0.11
0.04
0.04
0.04
0.08
0.04
0.04
0.04
0.19
0.04
0.09
-0.04
0.18
0.04
-0.04
0.04
0.04
0.04
-0.06
0.04
-0.01
0.04
0.08
0.04
-0.02
0.04
-0.04
0.04
0.04
0.04
-0.05
-0.09
0.07
-0.12
0.04
0.16
-0.01
0.59
0.04
0.67
0.39
-0.03
0.04
-0.13
-0.03
0.04
0.23
0.00
-0.02
0.08
0.04
0.04
-0.09
-0.21
-0.38
0.20
-0.11
-0.11
-0.37
-0.11
-0.11
-0.17
0.03
-0.11
-0.42
-0.11
-0.11
-0.11
-0.12
-0.11
-0.11
-0.07
-0.54
-0.11
-0.06
-0.13
-0.37
-0.11
-0.37
-0.11
-0.37
-0.11
-0.11
0.06
-0.03
-0.11
-0.11
-0.11
-0.28
-0.11
-0.11
-0.11
-0.37
-0.21
-0.16
-0.20
-0.11
-0.28
-0.11
-0.11
-0.20
-0.13
-0.11
-0.20
-0.03
-0.11
-0.11
-0.04
-0.50
-0.11
-0.11
-0.64
-0.36
-0.82
-0.03
-0.28
-0.16
-0.82
-0.32
-0.28
-0.16
-0.16
-0.16
-0.16
-0.49
-0.59
-0.40
-0.17
-0.16
-0.16
-0.16
-0.16
-0.16
-0.18
-0.16
-1.72
-0.64
-0.44
-0.42
-0.42
-0.21
-0.21
-0.42
-0.21
-0.41
-0.37
-0.46
-0.44
-0.21
-0.21
-0.21
-0.29
-0.21
-0.21
-0.96
-0.40
-0.48
-0.64
-0.43
-0.08
-0.16
-0.08
-0.16
-0.16
-0.10
-0.11
-0.03
-0.08
-0.55
-0.08
-0.08
-0.24
-0.08
-0.08
-0.08
-0.40
-0.16
-0.19
-0.08
-0.40
-0.17
-0.08
-0.16
0.02
-0.08
-0.08
-0.08
-0.12
-0.23
-0.10
-0.08
-0.08
-0.08
-0.08
-0.08
-0.08
-0.16
-0.08
-0.02
-0.08
-0.23
-0.17
-0.15
-0.12
-0.08
-0.18
-0.13
-0.14
-0.64
-0.64
-0.16
-0.32
-0.28
-0.32
-0.84
-0.16
-0.16
-0.16
-0.16
0.07
-0.19
-0.16
-0.16
-0.16
-0.57
-0.16
-0.21
-0.16
-0.21
-0.16
-0.16
-0.32
-0.32
-0.16
-0.18
-0.16
-0.10
-0.16
-0.07
-0.19
-0.20
-0.68
-0.16
-0.16
-0.16
-0.17
-0.14
-0.16
-0.31
-0.24
-0.64
-0.37
-0.25
-0.08
-0.39
-0.16
-0.13
-0.74
-0.16
-0.08
-0.45
-0.08
-0.48
-0.08
-0.16
-0.14
-0.18
-0.15
-0.41
-0.23
-0.30
-0.15
-0.26
-0.32
-0.25
-0.08
-0.16
-0.20
-0.08
-0.08
-0.08
-0.08
-0.19
-0.35
-0.12
0.34
-0.12
-0.17
-0.17
-0.06
-0.28
-0.17
-0.06
-0.18
-0.12
-0.23
-0.16
-0.17
-0.06
-0.06
-0.17
-0.06
-0.07
-0.11
-0.07
-0.06
-0.14
-0.06
-0.06
-0.07
-0.06
-0.06
-0.03
-0.13
-0.15
-0.06
-0.06
-0.10
-0.12
-0.35
-0.06
-0.06
-0.06
-0.06
-0.12
-0.15
-0.17
-0.06
-0.06
-0.06
-0.06
-0.12
-0.06
-0.06
-0.12
0.13
-0.23
-0.10
-0.16
-0.12
-0.12
0.20
-0.06
-0.06
-0.06
-0.06
-0.06
-0.07
-0.35
-0.06
-0.05
-0.06
0.03
-0.06
-0.06
-0.06
-0.06
-0.06
-0.06
-0.12
-0.06
-0.06
-0.06
-0.06
-0.06
-0.06
-0.06
-0.09
0.09
0.05
-0.04
0.07
0.09
0.09
0.09
0.44
0.01
0.10
0.09
0.53
-0.11
-0.56
0.09
0.09
0.42
0.09
0.09
-0.13
-0.20
-0.09
-0.11
-0.13
-0.13
-0.07
-0.07
-0.03
-0.03
-0.03
-0.16
-0.03
-0.00
-0.03
-0.03
-0.03
-0.03
-0.03
-0.22
-0.07
-0.10
-0.13
-0.20
-0.03
-0.03
-0.11
-0.03
-0.03
-0.03
-0.03
0.00
-0.03
-0.10
-0.03
-0.08
-0.10
-0.03
-0.08
-0.03
-0.03
-0.03
-0.03
-0.01
-0.03
-0.17
-0.19
-0.11
-0.03
-0.08
-0.76
-0.03
-0.03
-0.07
-0.08
-0.10
-0.03
-0.03
-0.37
-0.03
-0.03
-0.03
-0.30
-0.23
-0.09
-0.07
-0.30
-0.08
-0.07
-0.07
-0.04
-0.03
-0.09
0.52
-0.08
-0.53
-0.19
-0.05
-0.03
-0.07
-0.03
-0.21
-0.03
-0.03
-0.03
-0.11
-0.03
-0.03
-0.03
-0.04
-0.03
-0.06
-0.05
-0.08
-0.03
-0.08
-0.09
-0.03
-0.03
-0.05
-0.03
-0.03
-0.25
-0.40
-0.21
-0.16
-0.08
-0.09
-0.08
-0.15
0.06
-0.16
-0.08
-0.08
-0.08
-0.08
-0.08
-0.16
-0.08
-0.17
-0.16
-0.08
-0.08
-0.11
-0.04
-0.12
0.64
0.33
0.03
0.26
0.06
0.26
0.06
0.03
0.26
0.01
0.06
0.13
0.06
0.25
0.26
0.12
-0.13
0.37
0.06
0.45
-0.13
0.06
0.06
0.06
0.17
0.06
0.06
0.06
0.03
-0.10
0.02
0.06
0.30
0.06
0.06
0.06
0.06
0.04
0.06
0.13
0.39
0.06
-0.04
0.06
0.00
-0.05
0.06
0.03
-0.01
0.06
0.06
0.06
0.06
0.16
0.02
0.09
-0.02
-0.10
0.02
-0.29
-0.18
-0.05
-0.05
-0.07
-0.05
-0.14
0.48
-0.05
-0.05
-0.05
-0.05
-0.07
-0.07
-0.02
-0.01
-0.02
0.09
-0.27
-0.02
-0.04
0.43
-0.10
0.12
-0.02
-0.02
-0.16
-0.02
-0.02
-0.02
0.08
-0.02
-0.02
-0.23
-0.02
-0.12
-0.02
-0.04
-0.34
-0.04
-0.04
-0.09
0.09
0.03
-0.02
-0.16
-0.14
-0.07
-0.02
-0.07
-0.08
-0.08
-0.02
-0.13
-0.02
-0.04
-0.16
-0.62
-0.02
-0.02
-0.02
-0.02
0.21
0.03
-0.02
0.04
-0.02
-0.02
-0.00
-0.02
-0.05
-0.21
-0.02
-0.00
-0.02
-0.02
-0.05
-0.02
-0.02
-0.02
-0.02
-0.02
-0.16
-0.02
-0.02
0.00
-0.12
-0.05
-0.02
-0.08
-0.07
-0.02
-0.02
-0.05
-0.02
-0.05
-0.02
-0.02
-0.02
0.02
-0.02
-0.02
-0.02
0.23
-0.03
0.14
-0.02
-0.05
-0.02
-0.14
-0.02
-0.02
1.17
0.39
0.39
0.37
0.78
1.91
0.39
0.39
0.39
0.48
0.39
0.39
0.43
0.40
0.28
0.39
0.13
0.30
0.31
0.39
0.39
0.39
0.09
0.39
-0.41
0.39
0.12
0.31
0.31
0.39
0.39
0.14
0.08
0.39
0.31
0.39
-0.42
0.39
0.39
-0.22
-0.20
-0.21
-0.22
-0.37
-0.11
-0.11
-0.13
-0.11
-0.11
-0.21
-0.11
-0.37
-0.13
-0.11
-0.21
-0.11
-0.11
-0.17
0.23
-0.11
-0.11
-0.11
-0.11
-0.11
-0.10
-0.11
-0.28
-0.11
-0.11
-0.34
-0.18
-0.21
-0.11
-0.13
-0.16
-0.14
-0.11
-0.14
-0.21
-0.21
-0.11
-0.11
-0.11
-0.11
-0.11
-0.11
-0.25
-0.11
-0.01
-0.20
0.07
-0.05
-0.23
-0.08
0.01
-0.12
-0.06
-0.03
0.01
-0.27
-0.09
-0.03
-0.06
-0.03
-0.03
0.23
-0.03
-0.03
-0.44
-0.03
0.33
-0.03
-0.08
-0.21
-0.06
-0.03
-0.09
-0.03
-0.15
-0.03
-0.21
-0.22
-0.09
0.14
-0.03
-0.03
-0.09
-0.06
-0.03
-0.03
-0.03
-0.03
-0.11
0.39
-0.03
-0.30
-0.03
-0.35
-0.14
-0.03
-0.28
-0.30
-0.03
-0.03
-0.03
-0.03
-0.29
-0.03
-0.03
-0.03
-0.13
-0.03
-0.15
-0.03
-0.03
-0.03
-0.19
-0.03
-0.03
-0.03
-0.06
-0.03
-0.03
-0.03
0.03
-0.03
-0.03
-0.30
-0.05
-0.03
-0.03
-0.03
-0.03
-0.12
-0.09
-0.03
-0.06
-0.14
-0.03
0.05
-0.03
-0.05
-0.03
0.02
0.16
-0.03
-0.04
-0.08
-0.06
-0.03
-0.06
-0.03
-0.03
-0.03
-0.03
-0.12
-0.03
-0.03
-0.08
-0.03
-0.03
-0.06
-0.03
-0.24
-0.03
-0.03
-0.11
-0.03
-0.03
-0.03
-0.04
-0.03
-0.03
0.10
-0.03
-0.06
-0.05
-0.03
-0.04
-0.21
0.03
-0.01
-0.03
0.08
-0.03
0.09
-0.25
-0.06
-0.06
-0.03
-0.19
-0.03
-0.03
-0.03
-0.03
0.16
-0.01
-0.06
-0.03
-0.12
-0.23
-0.65
-0.17
0.01
-0.09
-0.06
-0.06
-0.15
-0.15
-0.09
-0.18
-0.00
-0.01
-0.20
-0.33
-0.22
-0.12
-0.15
-0.03
-0.09
-0.03
-0.01
-0.03
-0.03
-0.06
-0.13
-0.03
-0.07
-0.08
-0.03
-0.03
-0.11
-0.03
-0.03
-0.03
-0.03
-0.03
0.08
-0.02
-0.03
-0.06
-0.03
-0.06
-0.03
-0.03
-0.03
-0.03
-0.03
-0.03
-0.10
0.03
-0.03
-0.03
0.01
-0.09
-0.03
-0.06
-0.03
-0.03
0.01
-0.05
0.25
-0.03
0.05
-0.30
-0.03
-0.03
0.02
0.04
-0.10
-0.38
-0.09
-0.09
0.07
-0.30
-0.03
-0.03
-0.06
-0.48
-0.06
-0.03
0.03
-0.03
-0.03
-0.03
-0.03
-0.06
-0.15
-0.06
-0.06
-0.03
-0.06
-0.06
-0.15
-0.09
-0.06
-0.06
-0.06
-0.12
-0.03
-0.09
-0.18
-0.09
-0.09
-0.09
-0.12
-0.18
-0.06
-0.19
-0.11
-0.03
-0.03
-0.58
-0.14
-0.03
-0.06
-0.06
-0.03
-0.03
-0.03
-0.03
-0.03
-0.06
-0.03
0.17
-0.06
0.22
-0.06
-0.06
-0.03
0.05
-0.03
-0.33
-0.03
-0.01
-0.03
-0.03
-0.03
0.05
-0.03
-0.03
-0.03
-0.03
-0.03
-0.03
-0.03
-0.03
-0.03
-0.03
-0.03
-0.03
-0.03
-0.03
-0.03
-0.03
-0.03
-0.13
-0.28
-0.11
-0.03
-0.03
-0.07
-0.10
-0.06
-0.03
-0.05
-0.03
-0.03
-0.03
-0.03
-0.03
-0.03
-0.03
-0.03
-0.07
-0.11
-0.10
-0.14
-0.03
-0.10
-0.25
-0.71
-0.23
-0.48
-0.41
-0.16
-0.16
-0.16
-0.16
-0.16
0.17
-0.65
-0.01
-0.39
-0.21
-0.21
-0.21
-0.64
-0.11
-0.14
-0.11
-0.13
-0.07
-0.21
-0.18
0.22
-0.04
-0.15
-0.08
-0.04
-0.04
-0.04
-0.04
-0.04
-0.07
-0.04
-0.32
-0.24
0.05
-0.04
-0.04
-0.14
-0.13
-0.10
-0.04
-0.04
-0.04
-0.09
0.48
-0.04
-0.04
-0.04
-0.04
-0.04
-0.04
-0.09
-0.34
-0.09
-0.36
-0.09
-0.09
-0.02
-0.09
-0.27
-0.09
-0.22
-0.11
-0.30
-0.18
-0.09
-0.09
-0.09
-0.18
-0.13
-0.53
-0.09
-0.64
-0.27
-0.36
-0.09
-0.09
-0.18
-0.09
-0.09
-0.18
-0.09
-0.09
-0.09
-0.38
-0.19
-0.22
-0.09
-0.09
-0.09
-0.15
-0.09
-0.09
-0.18
-0.09
-0.27
-0.09
-0.09
-0.30
-0.09
-0.09
-0.09
-0.17
-0.09
-0.09
-0.11
-0.09
-0.09
-0.09
-0.09
-0.09
-0.16
-0.20
-0.20
-0.83
-0.25
-0.12
-0.08
-0.16
-0.18
-0.08
-0.08
-0.08
-0.24
-0.00
-0.08
-0.21
-0.06
-0.11
-0.15
-0.21
-0.08
-0.08
-0.08
-0.12
-0.08
0.02
-0.04
-0.04
-0.04
-0.16
-0.11
-0.13
-0.04
-0.04
-0.04
-0.04
-0.14
-0.07
-0.07
-0.08
-0.04
-0.04
-0.04
-0.04
0.06
-0.05
-0.04
-0.13
-0.04
-0.04
-0.04
-0.04
-0.11
-0.04
-0.31
-0.04
-0.04
-0.08
-0.08
-0.10
-0.04
-0.04
-0.05
0.07
-0.04
-0.04
-0.04
-0.05
-0.08
-0.15
-0.04
-0.04
-0.10
-0.04
-0.04
-0.31
0.12
-0.04
-0.08
0.02
-0.10
-0.04
-0.04
0.07
-0.04
-0.04
-0.04
-0.04
-0.17
-0.04
0.03
-0.04
-0.04
-0.04
-0.04
-0.04
0.02
-0.04
-0.04
-0.25
-0.09
-0.07
-0.04
-0.04
-0.04
-0.04
-0.04
0.08
-0.08
-0.04
-0.12
-0.04
-0.04
-0.10
0.08
0.23
-0.13
-0.04
-0.04
-0.04
-0.02
-0.04
-0.13
-0.04
-0.04
-0.04
-0.04
-0.04
-0.04
-0.04
-0.04
-0.26
-0.04
-0.04
-0.11
-0.26
-0.05
-0.22
-0.32
-0.15
-0.05
-0.22
-0.05
-0.21
-0.11
-0.09
-0.38
-0.04
-0.21
-0.05
-0.05
-0.20
-0.18
-0.09
-0.06
-0.05
-0.14
0.01
-0.02
-0.02
-0.02
-0.14
-0.02
-0.08
-0.02
-0.12
-0.02
-0.12
-0.02
-0.02
-0.05
-0.02
-0.09
0.02
-0.02
-0.05
-0.13
-0.08
-0.02
-0.22
-0.07
-0.02
-0.09
-0.02
-0.09
-0.16
-0.05
-0.02
-0.02
0.09
-0.02
-0.04
-0.02
-0.11
-0.14
-0.13
-0.02
-0.02
-0.02
-0.05
-0.10
-0.02
-0.02
-0.02
-0.02
-0.02
-0.05
-0.05
-0.05
-0.05
-0.02
-0.09
-0.02
-0.06
-0.02
-0.02
-0.12
-0.02
-0.14
-0.02
0.04
0.16
-0.14
-0.02
-0.02
-0.02
-0.02
-0.02
-0.02
-0.42
-0.05
-0.02
-0.07
-0.07
-0.05
-0.02
-0.02
-0.07
-0.09
-0.02
-0.00
-0.02
-0.05
-0.02
-0.07
-0.02
-0.02
-0.02
-0.05
-0.12
-0.04
-0.02
0.04
-0.10
-0.02
-0.02
-0.02
-0.07
-0.02
-0.02
-0.02
-0.02
-0.02
0.04
-0.02
-0.02
-0.02
-0.07
-0.05
-0.04
-0.02
-0.02
-0.09
-0.02
-0.42
-0.02
-0.19
-0.60
-0.24
-0.24
-0.24
-0.60
-0.24
-0.36
-0.24
-0.20
-0.36
-0.24
-0.24
-0.72
-0.24
-0.48
0.00
-0.24
-0.29
-0.24
-0.01
-0.24
-0.24
-0.12
-0.05
0.01
-0.15
-0.12
-0.12
-0.24
-0.12
-0.22
-0.24
-0.24
-0.42
-0.12
-0.12
-0.12
-0.18
-0.12
-0.10
-0.48
-0.12
-0.12
-0.15
-0.11
-0.12
0.01
-0.12
-0.05
0.38
-0.12
-0.06
-0.12
-0.12
-0.14
-0.12
-0.21
-0.31
-0.12
-0.22
-0.12
-0.12
-0.12
-0.12
-0.24
-0.12
-0.12
-0.12
-0.12
-0.12
-0.36
-0.12
-0.12
-0.12
-0.17
-0.12
-0.12
-0.12
-0.12
-0.12
-0.12
-0.12
-0.12
-0.18
-0.24
-0.12
-0.12
-0.24
-0.35
-0.24
-0.12
-0.24
-0.12
-0.12
-0.12
-0.24
-0.12
-0.12
-0.12
-0.12
-0.12
-0.12
-0.12
-0.33
-0.12
-0.12
-0.12
-0.12
0.62
-0.04
-0.12
-0.17
-0.12
-0.12
-0.14
-0.24
-0.12
-0.20
-0.12
-0.12
-0.12
-0.15
-0.14
-0.12
-0.12
-0.12
-0.20
-0.09
-0.12
-0.12
-0.12
-0.12
-0.16
-0.12
-0.13
-0.12
0.01
-0.12
-0.15
-0.12
-0.12
-0.12
-0.12
-0.12
-0.12
-0.12
-0.12
-0.12
-0.12
-0.12
-0.12
-0.30
-0.18
0.01
-0.12
-0.05
-0.12
-0.12
-0.13
-0.12
-0.12
-0.24
-0.12
-0.12
-0.12
-0.12
-0.12
-0.12
-0.12
-0.06
-0.15
-0.12
-0.24
-0.12
-0.12
-0.12
-0.12
-0.12
-0.12
-0.12
-0.53
-0.11
-0.29
-0.21
-0.32
-0.21
-0.32
-0.11
-0.55
-0.11
-0.11
-0.21
-0.32
-0.42
-0.42
-0.11
-0.11
-0.11
-0.11
-0.18
-0.11
-0.11
-0.11
-0.32
-0.32
-0.36
-0.32
-0.11
-0.11
-0.21
-0.11
-0.11
-0.11
-0.11
-0.11
-0.11
-0.11
-0.11
-0.11
-0.11
-0.11
-0.11
-0.11
-0.11
-0.11
-0.11
-0.11
-0.11
-0.11
-0.37
-0.19
-0.14
-0.28
-0.14
-0.28
-0.21
-0.21
-0.36
-0.28
-0.07
-0.07
-0.07
-0.48
-0.07
-0.07
-0.30
-0.07
-0.25
-0.07
-0.07
-0.21
-0.46
-0.07
-0.07
-0.07
-0.06
-0.07
-0.07
0.07
-0.07
-0.07
-0.42
-0.21
-0.21
-0.41
-0.21
-0.21
-0.25
-0.21
-0.41
-0.64
-0.36
-0.21
-0.42
-0.42
-0.49
-0.21
-0.31
-0.21
-0.21
-0.21
-0.21
-0.21
-0.11
-0.07
-0.11
-0.32
-0.07
-0.10
0.27
-0.07
-0.20
-0.07
-0.07
-0.07
-0.07
-0.07
-0.07
-0.07
-0.14
-0.11
-0.07
-0.05
-0.07
-0.07
-0.07
-0.07
-0.04
-0.14
-0.04
-0.07
-0.07
-0.04
-0.04
-0.04
-0.17
-0.18
-0.12
-0.04
-0.04
-0.04
-0.04
-0.35
-0.16
-0.09
-0.11
-0.05
-0.04
-0.04
-0.04
-0.06
-0.04
-0.26
-0.31
-0.21
-0.04
-0.04
-0.04
-0.04
-0.01
-0.04
-0.15
-0.04
-0.07
-0.04
-0.04
-0.04
-0.04
-0.04
-0.04
-0.04
-0.04
-0.04
-0.04
-0.04
-0.04
-0.04
0.08
0.05
-0.04
-0.04
-0.12
-0.04
-0.05
-0.07
-0.04
-0.04
-0.07
-0.04
-0.04
-0.04
-0.06
-0.04
-0.04
-0.04
-0.04
0.01
-0.09
-0.04
-0.21
-0.04
-0.04
-0.04
-0.04
-0.04
-0.04
-0.04
-0.04
-0.04
-0.04
0.02
-0.04
-0.04
-0.09
-0.20
-0.04
-0.31
0.01
-0.08
-0.04
-0.04
-0.04
-0.04
-0.18
-0.04
-0.11
-0.04
-0.13
-0.27
-0.04
-0.04
-0.04
-0.04
-0.04
-0.04
-0.04
-0.58
-0.21
-0.21
-0.21
-0.39
-0.21
-0.42
-0.29
-0.29
-0.35
-0.42
-0.21
-0.14
-0.14
-0.05
-0.20
-0.21
-0.07
-0.12
-0.07
-0.12
-0.14
-0.07
-0.07
-0.23
-0.07
-0.14
-0.07
-0.01
-0.43
-0.07
-0.07
-0.07
-0.14
-0.07
-0.07
-0.07
-0.07
-0.07
-0.07
-0.07
-0.07
-0.07
-0.07
-0.07
-0.07
-0.41
-0.64
-0.13
-0.13
-0.06
-0.57
-0.12
0.01
-0.18
-0.06
-0.17
-0.06
-0.06
-0.23
-0.19
0.04
0.08
-0.06
-0.13
-0.07
-0.11
-0.06
0.02
-0.06
-0.13
-0.09
-0.06
-0.13
-0.06
-0.13
-0.13
-0.06
-0.06
-0.06
-0.13
-0.12
-0.06
-0.06
-0.13
-0.06
-0.17
-0.06
-0.06
-0.09
-0.18
-0.06
-0.21
-0.06
-0.27
-0.17
-0.06
-0.06
-0.06
-0.06
-0.09
-0.06
0.51
0.21
0.13
0.13
0.13
0.02
0.05
0.13
0.41
0.13
0.13
0.13
0.16
0.34
0.08
0.13
0.13
0.13
0.13
0.13
0.13
0.25
0.13
0.13
0.13
0.13
0.13
0.13
0.13
0.13
0.13
0.41
0.48
0.13
1.08
0.13
0.22
0.21
0.21
0.16
0.13
0.68
0.13
0.25
0.09
0.16
0.16
0.13
0.41
0.23
0.29
0.21
0.32
0.25
0.17
0.13
0.13
0.13
0.05
0.20
0.07
0.21
0.07
0.10
0.28
0.07
0.14
0.07
0.07
0.07
0.32
0.07
-0.03
0.16
0.07
0.14
0.13
0.20
0.07
0.07
0.07
0.08
0.07
0.53
0.14
0.05
0.25
0.05
0.05
0.05
0.11
0.05
0.05
0.12
0.05
0.05
0.28
0.07
0.07
0.07
0.13
0.07
0.42
0.07
0.71
0.17
0.14
0.01
0.20
0.15
0.07
0.07
0.07
0.14
0.23
-0.12
-0.23
-0.12
-0.12
-0.12
-0.12
-0.37
-0.12
-0.12
-0.12
-0.39
-0.12
-0.12
-0.12
-0.18
-0.17
-0.17
-0.12
-0.17
-0.08
-0.12
-0.12
-0.06
-0.06
-0.06
0.01
-0.06
-0.06
-0.06
-0.06
-0.06
-0.06
-0.06
-0.06
-0.12
-0.06
-0.17
-0.06
-0.06
-0.06
-0.11
-0.09
-0.06
-0.06
-0.06
-0.06
-0.06
-0.14
-0.23
-0.06
-0.06
-0.23
-0.06
-0.16
-0.11
-0.06
-0.12
-0.12
-0.17
-0.06
-0.06
-0.06
-0.06
-0.06
-0.06
-0.06
-0.06
-0.06
-0.08
-0.09
-0.06
-0.19
-0.06
-0.23
-0.06
-0.06
-0.06
-0.19
-0.06
-0.06
-0.08
-0.06
-0.20
-0.07
0.13
-0.06
-0.06
-0.23
-0.06
-0.06
-0.06
-0.06
-0.13
-0.15
-0.27
-0.12
-0.07
-0.13
-0.20
-0.07
-0.10
-0.10
-0.07
-0.20
-0.17
-0.17
-0.30
-0.03
-0.06
-0.03
-0.03
-0.10
-0.03
-0.31
-0.03
-0.03
-0.03
0.03
-0.03
-0.07
-0.03
-0.03
-0.03
-0.10
-0.03
-0.03
-0.03
-0.10
-0.10
-0.08
-0.03
-0.06
-0.03
-0.07
-0.03
0.13
-0.03
-0.03
-0.03
-0.03
-0.03
-0.03
-0.07
-0.03
-0.03
-0.16
-0.03
-0.03
-0.03
-0.03
-0.04
-0.09
-0.11
-0.03
-0.08
-0.07
-0.03
-0.03
-0.06
-0.03
-0.03
-0.03
-0.08
-0.03
-0.07
-0.06
-0.03
-0.03
-0.60
-0.03
-0.03
-0.03
-0.03
-0.08
-0.06
-0.03
-0.03
-0.08
-0.03
-0.03
-0.03
-0.03
-0.03
-0.03
-0.03
-0.03
-0.03
-0.11
-0.03
-0.03
-0.03
-0.03
-0.05
-0.07
-0.03
-0.04
-0.03
-0.03
-0.03
-0.03
-0.03
-0.06
-0.06
-0.03
-0.30
-0.08
0.19
0.25
-0.03
0.19
0.33
0.13
0.13
0.25
0.06
0.19
0.36
0.06
0.06
0.25
0.06
-0.01
0.06
0.06
0.06
0.09
-0.07
0.06
0.36
0.25
0.06
-0.22
0.06
0.06
0.06
0.06
0.06
0.06
0.06
0.24
0.06
0.25
0.06
0.06
0.06
0.06
0.06
0.06
0.01
0.06
-0.00
0.06
0.06
-0.25
0.06
0.01
0.06
0.19
0.19
0.06
0.06
0.03
0.13
0.06
0.06
-0.01
0.18
0.18
0.18
0.08
0.09
0.09
0.27
0.09
0.09
0.29
-0.25
0.03
0.16
0.09
0.18
0.09
0.09
0.29
0.09
0.04
0.15
-0.04
0.16
0.25
0.42
0.21
0.21
0.21
0.41
0.11
0.11
0.11
0.11
0.64
0.36
0.20
-0.18
0.11
0.11
0.05
0.11
0.11
0.13
0.15
0.04
0.11
0.11
0.11
0.11
0.11
0.11
0.11
-0.64
-0.64
-0.21
-0.21
-0.21
-0.21
-0.21
-0.21
-0.21
-0.27
-0.21
-0.22
-0.21
-0.24
-0.21
-0.21
-0.21
-0.21
-0.21
-0.64
-0.21
-0.42
-0.42
-0.14
-0.21
-0.21
-0.21
-0.21
-0.21
-0.21
-0.21
-0.06
-0.04
-0.01
-0.60
-0.37
-0.03
-0.07
-0.01
-0.14
-0.03
-0.03
-0.07
-0.03
-0.03
-0.03
-0.03
-0.03
-0.03
-0.03
-0.03
-0.03
-0.03
-0.03
-0.08
-0.03
-0.01
-0.01
-0.01
-0.01
-0.01
-0.13
-0.01
-0.01
-0.01
-0.01
-0.06
-0.01
-0.01
-0.05
-0.01
-0.01
-0.01
-0.01
-0.01
-0.01
-0.01
-0.01
-0.01
-0.01
-0.01
-0.01
-0.05
-0.01
-0.01
-0.09
-0.01
-0.01
-0.01
-0.01
-0.01
-0.04
-0.01
0.04
-0.03
-0.01
-0.01
-0.01
-0.01
-0.01
-0.01
-0.01
-0.01
-0.01
-0.01
-0.01
-0.20
-0.01
-0.01
-0.01
-0.01
-0.09
-0.01
-0.01
-0.01
-0.01
-0.01
-0.01
-0.05
-0.01
-0.01
-0.01
-0.03
-0.01
-0.01
-0.01
-0.01
-0.01
-0.01
-0.01
-0.01
-0.01
-0.01
-0.08
-0.07
-0.05
0.03
-0.01
-0.01
-0.01
-0.18
-0.01
-0.08
-0.01
-0.01
-0.01
-0.03
-0.01
-0.01
-0.15
-0.01
-0.01
-0.01
-0.01
-0.01
-0.01
-0.01
-0.01
-0.01
-0.01
-0.01
-0.01
-0.01
-0.01
-0.01
-0.01
-0.01
-0.10
-0.01
-0.05
-0.01
-0.01
-0.01
-0.01
-0.01
-0.01
0.02
-0.01
-0.01
-0.01
-0.01
-0.01
-0.01
-0.01
-0.08
-0.01
-0.01
-0.01
-0.01
-0.01
-0.09
-0.03
-0.01
-0.01
-0.01
-0.04
-0.01
-0.09
-0.01
-0.01
-0.01
-0.08
-0.01
-0.01
-0.01
-0.01
-0.04
-0.01
-0.01
-0.01
0.04
-0.01
-0.01
-0.01
-0.04
-0.01
-0.01
-0.03
-0.01
-0.01
-0.01
-0.01
-0.01
-0.01
-0.03
-0.01
-0.08
-0.01
-0.03
-0.01
-0.01
-0.07
-0.01
-0.01
-0.17
-0.01
-0.01
-0.01
-0.01
-0.01
0.07
-0.01
-0.01
-0.01
-0.04
-0.01
-0.01
-0.01
-0.01
-0.01
-0.01
-0.01
-0.01
-0.01
-0.08
-0.05
-0.06
-0.06
-0.12
-0.06
-0.06
-0.06
-0.03
-0.12
-0.03
-0.03
-0.03
-0.09
-0.12
-0.03
-0.15
-0.03
-0.03
-0.03
-0.10
-0.03
-0.03
0.16
-0.03
-0.03
-0.03
-0.03
-0.03
-0.03
-0.03
-0.03
-0.03
-0.03
-0.03
-0.03
-0.03
-0.03
-0.03
-0.06
-0.03
-0.03
-0.03
0.04
-0.03
0.04
-0.03
-0.03
-0.03
-0.03
0.02
-0.03
-0.39
-0.03
-0.06
-0.05
-0.03
-0.06
-0.06
-0.06
-0.03
-0.06
-0.07
-0.03
0.01
-0.03
-0.03
-0.03
-0.03
-0.03
-0.03
-0.03
-0.03
-0.03
-0.05
-0.03
-0.03
-0.03
-0.03
-0.03
-0.03
-0.03
-0.03
-0.03
-0.06
-0.06
-0.06
-0.03
-0.11
-0.03
0.07
-0.05
0.07
-0.05
-0.15
-0.11
-0.29
-0.05
-0.07
0.07
-0.24
-0.05
-0.10
-0.05
-0.10
-0.17
-0.10
-0.05
-0.05
-0.05
-0.07
-0.17
-0.05
-0.05
-0.05
-0.05
-0.05
-0.05
0.08
-0.12
-0.05
-0.05
-0.11
-0.02
-0.02
-0.02
-0.02
-0.08
-0.02
-0.02
-0.02
-0.02
-0.02
-0.02
-0.05
-0.05
-0.02
-0.02
-0.02
0.16
-0.02
-0.02
-0.02
-0.02
-0.02
-0.05
-0.02
-0.02
0.05
-0.02
-0.12
-0.10
-0.12
-0.07
-0.10
-0.02
-0.02
-0.05
-0.02
0.02
-0.02
-0.02
-0.02
-0.07
-0.02
-0.02
-0.02
-0.02
-0.05
0.05
-0.02
-0.05
-0.02
-0.02
-0.02
-0.05
-0.02
-0.02
-0.02
-0.02
-0.06
-0.05
-0.02
-0.02
-0.02
-0.02
-0.16
-0.07
-0.05
-0.02
-0.02
-0.10
0.05
0.23
-0.02
-0.02
-0.02
-0.02
-0.02
-0.02
-0.02
-0.02
-0.02
-0.02
-0.02
-0.02
-0.02
-0.02
-0.02
-0.02
-0.02
-0.02
-0.14
-0.02
-0.02
-0.02
-0.09
-0.06
-0.02
-0.02
-0.09
-0.09
-0.09
-0.09
-0.03
-0.09
-0.09
-0.09
-0.23
-0.09
-0.34
-0.09
-0.30
-0.32
-0.05
-0.07
-0.05
-0.05
-0.05
-0.05
-0.05
-0.05
-0.05
-0.05
-0.05
-0.05
-0.05
-0.05
-0.05
-0.05
-0.05
-0.05
-0.05
-0.05
-0.05
-0.05
-0.05
-0.05
-0.05
-0.13
-0.09
-0.12
-0.05
-0.05
-0.05
-0.05
0.04
-0.05
-0.05
-0.18
-0.11
-0.05
-0.09
-0.05
-0.32
-0.05
-0.05
-0.09
-0.08
-0.05
-0.18
-0.21
-0.14
-0.05
-0.05
-0.05
-0.09
-0.05
-0.05
-0.05
-0.05
-0.05
-0.05
-0.05
-0.05
-0.05
0.01
-0.05
-0.05
0.03
-0.05
-0.12
-0.17
0.60
0.31
0.21
0.75
0.33
0.21
-0.16
-0.36
-0.34
-0.40
-0.16
-0.16
-0.16
-0.08
-0.08
-0.06
-0.08
-0.08
-0.08
-0.08
-0.08
-0.16
-0.08
-0.08
-0.16
-0.08
-0.16
-0.08
-0.16
-0.16
-0.08
-0.08
-0.08
-0.08
-0.08
-0.08
-0.08
-0.13
-0.08
-0.08
-0.12
-0.08
-0.08
-0.08
-0.08
-0.35
-0.08
-0.08
-0.08
-0.15
-0.08
-0.08
-0.08
-0.08
-0.08
-0.08
-0.08
-0.08
-0.08
-0.15
-0.07
-0.07
-0.07
-0.07
-0.13
-0.07
-0.07
-0.07
-0.03
-0.03
-0.03
-0.03
-0.03
-0.07
-0.03
-0.07
-0.07
-0.03
-0.10
-0.03
-0.03
-0.03
-0.03
-0.03
-0.03
-0.03
-0.03
-0.03
-0.03
-0.03
-0.07
-0.03
-0.03
-0.03
-0.03
-0.66
-0.06
0.08
-0.03
-0.03
-0.03
-0.03
-0.03
-0.03
-0.10
-0.03
-0.03
-0.03
-0.03
-0.30
-0.03
-0.30
-0.03
-0.07
-0.07
-0.08
-0.03
-0.03
-0.03
-0.03
-0.10
-0.03
-0.03
-0.03
-0.03
-0.07
-0.03
0.43
0.39
-0.07
-0.03
-0.11
-0.45
-0.03
-0.11
-0.03
-0.19
-0.09
-0.09
-0.09
-0.09
-0.09
-0.09
-0.09
-0.10
-0.05
-0.05
-0.07
-0.09
-0.13
0.02
-0.05
-0.05
-0.20
-0.05
-0.05
-0.05
-0.05
-0.05
-0.05
-0.05
-0.05
-0.05
-0.05
-0.05
-0.05
-0.05
-0.05
-0.05
-0.05
-0.05
-0.64
-0.16
-0.16
-0.46
-0.16
-0.16
-0.19
-0.16
-0.16
-0.16
-0.16
-0.16
-0.16
-0.16
-0.16
-0.16
-0.16
-0.16
-0.16
-0.04
-0.16
-0.16
-0.16
-0.31
-0.16
-0.32
-0.16
-0.32
-0.16
-0.10
-0.59
-0.10
-0.10
-0.10
-0.10
-0.10
-0.20
-0.15
-0.24
-0.64
-0.10
-0.05
-0.05
-0.05
-0.05
-0.05
-0.05
-0.05
-0.05
-0.05
-0.05
-0.05
-0.10
0.01
-0.05
-0.05
-0.14
-0.10
0.02
-0.10
-0.05
-0.05
-0.05
-0.05
-0.10
-0.05
-0.19
-0.05
-0.05
-0.10
-0.05
-0.05
-0.05
-0.05
-0.05
0.03
-0.05
-0.12
-0.05
-0.05
-0.05
0.01
-0.10
-0.05
-0.05
-0.05
-0.15
-0.05
-0.05
-0.05
-0.05
-0.12
-0.05
-0.05
-0.05
-0.05
-0.05
-0.05
-0.05
-0.05
-0.05
-0.12
-0.05
-0.05
-0.05
-0.05
0.01
-0.05
-0.05
-0.05
-0.05
-0.10
-0.05
-0.05
-0.05
-0.05
-0.05
-0.05
-0.05
-0.08
-0.02
-0.08
-0.11
-0.08
-0.08
-0.08
-0.09
-0.04
-0.04
-0.08
-0.04
-0.04
-0.04
-0.04
-0.04
-0.04
-0.04
-0.04
-0.04
-0.22
-0.04
-0.04
-0.04
-0.04
-0.04
-0.04
-0.04
-0.08
-0.04
-0.04
-0.04
-0.04
-0.04
0.11
-0.64
-0.16
-0.16
-0.16
-0.16
-0.52
-0.25
-0.16
-0.16
-0.16
-0.09
-0.16
-0.16
-0.16
-0.16
-0.42
-0.21
-0.31
-0.21
-0.42
-0.21
-0.21
-0.46
-0.21
-0.21
-0.21
-0.21
-0.21
-0.25
-0.55
-0.21
-0.42
-0.21
-0.21
-0.21
-0.21
-0.21
-0.32
-0.11
-0.11
-0.11
-0.11
-0.11
-0.11
-0.06
-0.11
-0.11
-0.11
-0.11
-0.11
-0.15
-0.11
-0.11
-0.11
-0.11
-0.11
-0.11
-0.11
-0.11
-0.11
-0.16
-0.11
-0.21
-0.11
-0.11
-0.11
-0.11
-0.11
-0.20
-0.12
-0.03
-0.26
-0.04
-0.12
0.07
-0.09
-0.04
-0.04
-0.04
-0.22
-0.04
-0.04
-0.04
-0.04
-0.04
-0.04
-0.04
-0.04
-0.04
-0.08
-0.04
-0.04
-0.04
-0.04
-0.04
-0.04
-0.04
-0.04
-0.04
-0.04
-0.08
-0.04
-0.04
-0.04
0.02
-0.04
-0.04
-0.08
-0.04
-0.04
-0.04
-0.04
-0.04
-0.04
-0.04
-0.04
0.02
-0.12
-0.04
-0.08
-0.08
-0.04
-0.18
-0.09
-0.03
-0.09
-0.09
-0.09
-0.27
-0.09
-0.09
-0.09
-0.09
-0.09
-0.09
-0.09
-0.09
-0.09
-0.09
0.16
-0.09
-0.09
-0.09
-0.13
-0.19
-0.13
0.06
-0.06
-0.06
-0.06
-0.06
-0.06
-0.06
-0.06
-0.13
-0.06
-0.06
-0.06
-0.06
-0.06
-0.06
-0.06
-0.06
-0.06
-0.06
-0.06
-0.06
-0.06
-0.10
-0.17
-0.13
-0.13
-0.06
-0.19
-0.06
-0.06
-0.06
-0.13
-0.06
-0.06
-0.06
-0.06
-0.06
-0.19
-0.47
-0.06
-0.06
-0.13
-0.06
-0.06
-0.06
-0.02
-0.06
-0.06
-0.06
-0.06
-0.06
-0.06
-0.06
-0.06
-0.06
-0.06
-0.06
-0.06
-0.06
-0.06
-0.06
-0.17
-0.25
-0.13
0.28
-0.13
-0.13
0.02
-0.13
-0.13
-0.13
-0.14
-0.07
-0.25
-0.13
-0.06
-0.13
-0.13
-0.50
-0.51
-0.13
-0.13
-0.19
-0.13
-0.06
-0.11
-0.64
-0.05
-0.11
-0.05
-0.05
-0.12
-0.05
-0.11
-0.05
-0.05
-0.05
-0.16
-0.28
-0.16
-0.11
0.00
-0.05
-0.05
-0.05
-0.05
-0.05
-0.11
-0.05
-0.05
-0.65
-0.05
-0.05
-0.05
-0.05
-0.12
-0.05
-0.05
-0.41
-0.05
-0.05
-0.05
-0.05
-0.05
-0.05
-0.05
-0.05
-0.05
-0.05
-0.05
-0.05
-0.05
-0.05
-0.05
-0.05
-0.05
-0.05
-0.05
-0.05
-0.05
-0.05
-0.05
-0.05
-0.05
-0.05
-0.05
-0.05
-0.05
-0.05
-0.05
-0.05
-0.05
-0.05
-0.05
-0.05
-0.11
-0.05
-0.05
-0.05
-0.05
-0.05
-0.05
-0.05
-0.05
-0.05
-0.05
-0.05
-0.05
0.13
0.13
0.39
0.17
0.25
-0.05
-0.16
-0.32
-0.48
-0.16
-0.08
-0.24
-0.08
-0.40
-0.08
-0.21
-0.15
-0.08
-0.08
-0.21
-0.08
-0.08
-0.08
-0.08
-0.15
-0.08
-0.16
-0.08
-0.08
-0.08
-0.08
0.07
-0.08
-0.34
-0.08
-0.70
-0.15
-0.27
-0.18
-0.18
-0.18
-0.09
-0.18
-0.09
-0.26
-0.09
-0.09
-0.09
-0.09
-0.09
-0.09
-0.09
-0.09
-0.09
-0.45
-0.09
-0.64
-0.42
-0.42
-0.45
-0.21
-0.21
-0.21
-0.21
-0.21
-0.21
-0.21
-0.21
-0.21
-0.21
-0.21
-0.21
-0.42
-0.26
-0.21
-0.21
-0.21
-0.32
-0.32
-0.32
-0.21
-0.21
-0.64
-0.21
-0.51
-0.42
-0.21
-0.21
-0.21
-0.21
-0.21
-0.21
-0.21
-0.21
-0.21
-0.26
-0.42
-0.26
-0.26
-0.26
-0.21
-0.21
-0.21
-0.21
-0.21
-0.42
-0.21
-0.21
-0.21
-0.21
-0.21
-0.42
-0.21
-0.21
-0.21
-0.56
-0.08
-0.16
-0.16
-0.32
-0.08
-0.08
-0.08
-0.08
-0.08
-0.08
-0.08
-0.08
-0.08
-0.16
-0.08
-0.08
-0.15
-0.10
-0.08
-0.16
-0.16
-0.16
-0.35
-0.08
-0.08
-0.08
-0.08
-0.08
-0.08
-0.08
-0.48
-0.21
-0.64
-0.42
-0.64
-0.46
-0.21
-0.21
-0.21
-0.21
-0.21
-0.12
-0.21
-0.21
-0.64
-0.21
-0.64
-0.21
-0.21
-0.21
-0.21
-0.21
-0.21
-0.21
-0.21
-0.26
-0.21
-0.27
-0.21
-0.21
-0.21
-0.21
-0.21
0.38
0.22
0.13
0.13
0.13
0.13
0.13
0.27
0.33
0.13
0.13
0.13
0.16
0.06
0.16
0.16
0.16
0.16
0.16
0.16
0.14
0.41
0.21
0.21
0.35
0.17
0.44
0.23
0.12
0.06
0.12
0.06
0.06
0.06
0.06
0.06
0.06
0.22
-0.27
0.06
0.06
0.06
0.06
0.06
0.06
0.06
0.06
0.31
0.06
0.06
0.16
0.06
-0.32
-0.16
-0.16
-0.16
-0.16
-0.16
-0.16
-0.16
-0.16
-0.16
-0.16
-0.16
-0.16
-0.16
-0.16
-0.16
-0.16
-0.16
-0.16
-0.16
-0.16
-0.16
-0.16
-0.16
-0.16
-0.16
-0.16
-0.16
-0.16
-0.16
-0.16
-0.16
-0.16
-0.16
-0.16
-0.16
-0.18
-0.00
-0.09
-0.18
-0.09
0.02
-0.09
-0.18
-0.09
-0.09
-0.09
-0.09
-0.09
-0.09
-0.09
-0.09
-0.09
-0.09
-0.09
-0.02
-0.32
-0.62
-0.32
-0.32
-0.16
-0.16
-0.48
-0.32
-0.16
-0.16
-0.08
-0.16
-0.16
-0.16
-0.16
-0.16
-0.16
-0.16
-0.27
-0.16
-0.16
-0.16
-0.16
-0.16
-0.32
-0.16
-0.23
-0.16
-0.16
-0.16
-0.16
-0.16
-0.16
-0.16
-0.08
-0.16
-0.16
-0.16
-0.16
-0.16
-0.16
-0.16
-0.16
-0.16
-0.16
-0.16
-0.16
-0.16
-0.16
-0.16
-0.16
-0.16
-0.08
-0.16
-0.16
-0.16
-0.32
-0.16
-0.16
-0.16
-0.16
-0.16
-0.32
-0.16
-0.16
-0.16
-0.16
-0.22
-0.16
-0.16
-0.16
-0.16
-0.16
-0.16
-0.16
-0.16
-0.16
-0.16
-0.18
-0.18
-0.18
-0.54
-0.09
-0.09
-0.09
-0.19
-0.09
-0.18
-0.09
-0.09
-0.09
-0.09
-0.09
-0.09
-0.09
0.01
-0.09
-0.09
-0.09
-0.09
-0.09
-0.09
-0.09
-0.09
-0.09
-0.09
-0.09
-0.09
-0.09
-0.09
-0.11
-0.09
-0.09
-0.09
-0.09
-0.09
-0.09
-0.09
-0.09
-0.09
-0.09
-0.09
-0.09
-0.09
-0.09
-0.09
-0.09
-0.09
-0.09
-0.09
-0.09
-0.32
-0.08
-0.40
-0.08
-0.40
-0.40
-0.16
-0.08
-0.08
-0.08
-0.08
-0.16
-0.08
-0.08
-0.08
-0.08
-0.08
-0.08
-0.08
-0.08
-0.08
-0.08
-0.08
-0.08
-0.16
-0.08
-0.08
-0.08
-0.08
0.05
-0.53
-0.31
-0.11
-0.21
-0.11
-0.11
-0.11
-0.11
-0.63
-0.11
-0.11
-0.11
-0.11
-0.11
-0.11
-0.04
-0.20
-0.27
-0.27
-0.09
-0.09
-0.02
-0.09
-0.09
-0.09
-0.09
-0.09
-0.09
-0.09
-0.09
-0.18
-0.09
-0.09
-0.09
-0.09
-0.09
-0.09
-0.09
-0.09
-0.09
-0.09
-0.18
-0.09
-0.09
-0.09
-0.09
-0.09
-0.09
-0.09
-0.09
-0.09
-0.18
-0.09
-0.09
-0.18
-0.09
-0.09
-0.09
-0.09
-0.09
-0.09
-0.09
-0.09
-0.09
-0.09
-0.09
-0.09
-0.09
-0.01
-0.09
-0.09
-0.09
-0.09
-0.09
-0.09
-0.27
-0.27
-0.27
-0.09
-0.04
-0.18
-0.09
-0.09
-0.09
-0.09
-0.09
-0.09
-0.09
-0.09
-0.09
-0.09
-0.09
-0.09
-0.09
-0.09
0.07
0.13
-0.01
-0.09
-0.09
-0.09
-0.09
-0.09
-0.09
-0.09
-0.09
-0.09
0.52
0.16
0.16
0.21
0.16
0.16
0.16
0.55
0.16
0.16
0.13
0.13
0.13
0.17
0.05
0.25
0.05
0.05
0.05
0.09
0.08
0.17
0.05
0.05
0.09
0.05
0.05
-1.08
-0.32
-0.32
-0.32
-0.32
-0.32
-0.32
-0.36
-0.32
0.04
0.03
0.03
0.06
0.03
0.05
0.03
0.16
0.24
0.19
0.08
0.08
0.08
0.08
0.08
0.08
0.08
-0.32
-0.32
-0.16
-0.32
-0.16
-0.16
-0.04
-0.16
-0.16
-0.15
-0.16
-0.05
-0.15
-0.05
-0.10
-0.10
-0.05
-0.05
-0.05
-0.64
-0.16
-0.06
-0.16
-0.16
-0.16
0.12
0.12
0.40
0.06
0.06
0.07
0.07
0.87
0.12
0.19
0.06
0.06
0.06
0.06
0.06
0.06
0.17
0.29
0.11
0.11
0.11
0.16
1.17
0.62
0.09
0.44
0.09
0.09
0.27
0.14
0.15
0.02
0.02
0.02
0.02
0.02
0.12
0.21
0.06
0.06
0.12
0.06
0.06
0.17
0.06
0.12
0.06
0.06
0.06
0.06
0.06
0.06
0.06
0.06
0.06
0.15
0.06
0.06
0.06
0.16
0.16
0.08
0.08
0.08
0.16
0.16
0.22
0.16
0.06
0.06
0.25
0.27
0.06
0.06
0.10
0.06
0.06
0.06
0.06
0.06
0.06
0.06
0.06
0.42
0.11
0.06
0.10
0.06
0.52
0.12
0.06
0.06
0.06
0.06
0.06
0.06
-0.28
-0.14
-0.14
-0.21
-0.07
0.10
-0.07
-0.21
-0.14
-0.07
-0.21
-0.07
-0.07
-0.21
-0.28
-0.21
-0.07
-0.07
-0.07
-0.07
-0.07
-0.07
-0.07
-0.07
-0.14
-0.14
-0.07
-0.07
-0.07
-0.07
-0.07
-0.23
-0.07
-0.07
-0.07
-0.13
-0.07
-0.07
-0.07
-0.07
-0.07
-0.28
-0.21
-0.07
-0.14
-0.07
-0.07
-0.07
-0.07
-0.07
-0.07
-0.07
-0.35
-0.07
-0.07
-0.07
-0.07
-0.07
-0.07
-0.14
-0.07
-0.07
-0.07
-0.28
-0.07
-0.07
-0.07
-0.07
-0.13
-0.25
-0.64
-0.33
-0.13
-0.13
-0.13
-0.13
-0.13
-0.13
-0.13
-0.13
-0.25
-0.25
-0.25
-0.13
-0.13
-0.13
-0.13
-0.13
-0.13
-0.13
-0.13
-0.13
-0.25
-0.25
-0.13
-0.13
-0.13
-0.13
-0.25
-0.18
-0.13
-0.13
-0.13
-0.13
-0.04
-0.13
-0.13
-0.13
-0.13
-0.13
-0.13
-0.13
-0.13
-0.13
-0.13
-0.13
-0.06
-0.13
-0.13
-0.25
-0.13
-0.38
-0.13
-0.02
-0.13
-0.13
-0.13
-0.13
0.08
0.05
0.05
0.08
0.05
0.05
0.05
0.28
0.28
0.29
0.07
0.07
0.07
0.07
0.07
0.07
0.07
0.07
0.07
0.07
0.07
0.07
0.07
0.07
0.21
0.74
0.21
0.74
0.11
0.21
0.23
0.11
0.11
0.11
0.11
0.11
0.11
0.11
0.21
0.15
0.11
0.11
0.06
0.64
0.06
0.11
0.06
0.06
0.12
0.06
0.06
0.06
0.06
0.09
0.09
0.06
0.22
0.69
-0.08
0.09
0.09
0.09
0.09
0.09
-0.48
-0.16
-0.16
-0.08
-0.08
-0.08
-0.08
-0.08
-0.08
-0.08
-0.08
-0.08
-0.08
-0.08
-0.08
-0.08
-0.08
-0.08
-0.08
-0.08
-0.08
-0.08
-0.08
-0.08
-0.08
0.36
0.18
0.18
0.18
0.09
0.09
0.13
0.09
0.09
0.14
0.14
0.07
0.07
0.07
0.07
0.14
0.12
0.07
0.07
0.07
0.14
0.14
0.24
0.18
0.15
0.17
0.07
0.11
0.07
0.20
0.04
0.11
0.08
0.04
0.04
0.04
0.08
0.09
0.04
0.04
0.04
0.04
0.04
0.04
0.04
0.04
0.04
0.12
0.04
0.04
0.04
0.04
0.04
0.04
0.04
0.04
0.09
0.09
0.05
0.05
0.05
0.05
0.05
0.18
0.05
0.05
0.05
0.05
0.14
0.05
0.05
0.05
0.05
0.05
0.48
0.16
0.08
0.16
0.08
0.08
0.18
0.08
0.08
0.16
0.08
0.08
0.08
0.07
0.07
0.27
0.09
0.31
0.29
0.09
0.05
0.05
0.05
0.18
0.27
0.09
0.09
0.04
0.04
0.04
0.24
0.32
0.32
0.64
0.24
0.24
0.08
0.08
0.08
0.08
0.16
0.08
0.16
0.16
0.08
0.16
0.08
0.08
0.08
0.08
0.16
0.08
0.08
0.08
0.08
0.08
0.08
0.08
0.08
0.08
0.08
0.08
0.08
0.08
0.08
0.08
0.08
0.08
0.08
0.08
0.08
0.08
0.08
0.08
0.08
0.12
0.08
0.08
0.08
0.08
0.08
0.16
0.08
0.08
0.13
0.13
0.06
0.19
0.06
0.25
0.06
0.06
0.06
0.13
0.13
0.13
0.06
0.32
0.06
0.06
0.06
0.06
0.06
0.06
0.06
0.06
0.06
0.06
0.06
0.13
0.06
0.06
0.06
0.06
0.06
0.25
0.48
0.48
0.16
0.64
0.32
0.32
0.05
0.05
0.05
0.05
0.64
0.19
0.06
0.06
0.06
0.06
0.13
0.13
0.06
0.06
0.06
0.06
0.13
0.06
0.06
0.06
0.16
0.21
0.11
0.05
0.05
0.05
0.05
0.05
0.05
0.05
0.05
0.05
0.05
0.06
0.13
0.06
0.06
0.06
0.06
0.06
0.06
0.06
0.06
0.06
0.06
0.06
0.13
0.19
0.06
0.06
0.06
0.06
0.06
0.06
0.06
0.06
0.06
0.06
0.06
0.06
0.13
0.06
0.06
0.09
0.09
0.09
0.09
0.05
0.05
0.09
0.05
0.05
0.05
0.09
0.05
0.05
0.24
0.24
0.08
0.08
-0.27
-0.18
-0.18
-0.18
-0.09
-0.09
-0.18
-0.09
-0.09
-0.09
-0.09
-0.09
-0.09
-0.09
-0.09
-0.09
-0.36
-0.32
-0.07
-0.64
-0.32
-0.32
-0.32
-0.32
-0.32
-0.16
-0.16
-0.16
-0.32
-0.16
-0.16
-0.16
-0.16
-0.32
-0.32
-0.32
-0.64
-0.32
-0.32
-0.32
-0.32
-0.32
-0.32
-0.32
-0.32
-0.32
-0.32
0.08
0.08
0.50
0.25
0.13
0.13
0.13
0.13
0.13
EE: 0.00
CEE: 0.02